Senator,Organization,Total,PACs,Individuals
"Baldwin, Tammy",University of Wisconsin,528258,0,528258
"Baldwin, Tammy","Habush, Habush & Rottier",34841,0,34841
"Baldwin, Tammy",Alphabet Inc,34440,14000,20440
"Baldwin, Tammy",IBM Corp,33490,0,33490
"Baldwin, Tammy",Mayo Clinic,33412,0,33412
"Baldwin, Tammy",National Assn of Letter Carriers,32850,32500,350
"Baldwin, Tammy",Arenberg Holdings,32700,0,32700
"Baldwin, Tammy",Comcast Corp,32092,25000,7092
"Baldwin, Tammy",WEC Energy Group,31333,20500,10833
"Baldwin, Tammy",Uw Health,31311,0,31311
"Baldwin, Tammy",Forest County Potawatomi Community,30500,0,30500
"Baldwin, Tammy",National Air Traffic Controllers Assn,30500,30500,0
"Baldwin, Tammy",American Federation of State/Cnty/Munic Employees,30377,25000,5377
"Baldwin, Tammy",Communications Workers of America,30292,30000,292
"Baldwin, Tammy",Carpenters & Joiners Union,30150,30000,150
"Baldwin, Tammy",American Hospital Assn,29700,8000,21700
"Baldwin, Tammy",Laborers Union,29010,29000,10
"Baldwin, Tammy",Northrop Grumman,28800,27500,1300
"Baldwin, Tammy",Ho-Chunk Nation,28513,0,28513
"Baldwin, Tammy",Microsoft Corp,28325,8500,19825
"Baldwin, Tammy",Air Line Pilots Assn,27525,27500,25
"Baldwin, Tammy",Painters & Allied Trades Union,27500,27500,0
"Baldwin, Tammy",Bricklayers Union,35000,35000,0
"Baldwin, Tammy",International Brotherhood of Electrical Workers,35710,35000,710
"Baldwin, Tammy",American Assn for Justice,35920,35000,920
"Baldwin, Tammy",Farm Credit Council,37500,37500,0
"Baldwin, Tammy",JStreetPAC,216748,9706,207042
"Baldwin, Tammy",Democracy Engine,187684,0,187684
"Baldwin, Tammy",League of Conservation Voters,97896,12213,85683
"Baldwin, Tammy",State of Wisconsin,91576,0,91576
"Baldwin, Tammy",Womencount PAC,89659,25,89634
"Baldwin, Tammy",Emily's List,85291,5000,80291
"Baldwin, Tammy","Paul, Weiss et al",67589,0,67589
"Baldwin, Tammy",Marshfield Clinic,63387,0,63387
"Baldwin, Tammy",Northwestern Mutual,58117,37400,20717
"Baldwin, Tammy",Medical College of Wisconsin,52002,0,52002
"Baldwin, Tammy",National Beer Wholesalers Assn,27000,25000,2000
"Baldwin, Tammy","Michael, Best & Friedrich",50073,6500,43573
"Baldwin, Tammy",University of California,44415,0,44415
"Baldwin, Tammy",Foley & Lardner,43128,7500,35628
"Baldwin, Tammy",National Education Assn,42155,25000,17155
"Baldwin, Tammy",Francisco Partners,41800,0,41800
"Baldwin, Tammy",AT&T Inc,41383,3000,38383
"Baldwin, Tammy",Operating Engineers Union,41280,41000,280
"Baldwin, Tammy",American Federation of Teachers,40130,40000,130
"Baldwin, Tammy",Congaree River LP,39950,0,39950
"Baldwin, Tammy",Oshkosh Corp,39520,10000,29520
"Baldwin, Tammy",Lockheed Martin,38541,36000,2541
"Baldwin, Tammy",Epic Systems,47577,0,47577
"Baldwin, Tammy",City University of New York,26251,0,26251
"Baldwin, Tammy",Molson Coors Beverage Co,35610,29000,6610
"Baldwin, Tammy",Honeywell International,26097,25000,1097
"Baldwin, Tammy",General Electric,20557,11000,9557
"Baldwin, Tammy",National Assn of Broadcasters,20500,19500,1000
"Baldwin, Tammy",Brico Fund/Time Out Enterprises,20400,0,20400
"Baldwin, Tammy",Teamsters Union,20100,20000,100
"Baldwin, Tammy",Madison Metro School District,20099,0,20099
"Baldwin, Tammy",US Dept of Veterans Affairs,19687,0,19687
"Baldwin, Tammy",Cox Enterprises,19650,7500,12150
"Baldwin, Tammy",Human Rights Campaign,19574,14339,5235
"Baldwin, Tammy",American Property Casualty Insurance Assn,19500,19500,0
"Baldwin, Tammy",Wisconsin Fertility Insitute,19400,0,19400
"Baldwin, Tammy",Thrivent Financial,20640,19500,1140
"Baldwin, Tammy",Amazon.com,19381,13500,5881
"Baldwin, Tammy",University of Pennsylvania,19287,0,19287
"Baldwin, Tammy",Advocate Aurora Health,19121,0,19121
"Baldwin, Tammy",National Assn of Realtors,19060,19000,60
"Baldwin, Tammy",Walmart Inc,19045,12000,7045
"Baldwin, Tammy",Multiplan Inc,19000,0,19000
"Baldwin, Tammy","Quinn, Emanuel et al",18959,0,18959
"Baldwin, Tammy",American Medical Assn,18920,5000,13920
"Baldwin, Tammy","Williams, Hart et al",18900,0,18900
"Baldwin, Tammy",Telephone & Data Systems Inc,18820,12500,6320
"Baldwin, Tammy",Charter Communications,26185,26000,185
"Baldwin, Tammy",AFLAC Inc,19379,11500,7879
"Baldwin, Tammy","Town of Somerset, MD",20700,0,20700
"Baldwin, Tammy",Hewlett Packard Enterprise,18730,18000,730
"Baldwin, Tammy",Planned Parenthood,24658,7999,16659
"Baldwin, Tammy",NCTA The Internet & Television Assn,26015,20000,6015
"Baldwin, Tammy",Bend The Arc Jewish Action,25900,9500,16400
"Baldwin, Tammy",PricewaterhouseCoopers,25891,16000,9891
"Baldwin, Tammy",US Venture Inc,25000,14900,10100
"Baldwin, Tammy",Kaiser Permanente,24881,0,24881
"Baldwin, Tammy",Gundersen Health System,24836,0,24836
"Baldwin, Tammy",Morgan Stanley,20730,0,20730
"Baldwin, Tammy",Quarles & Brady,24655,0,24655
"Baldwin, Tammy",Renaissance Technologies,24300,0,24300
"Baldwin, Tammy",General Motors,24010,23500,510
"Baldwin, Tammy",Invariant LLC,24200,0,24200
"Baldwin, Tammy",Stanford University,22813,0,22813
"Baldwin, Tammy",America's Credit Unions,22225,20000,2225
"Baldwin, Tammy","Fried, Frank et al",22217,0,22217
"Baldwin, Tammy",University of Texas,21955,0,21955
"Baldwin, Tammy",Goldman Sachs,21702,0,21702
"Baldwin, Tammy",General Dynamics,21682,20500,1182
"Baldwin, Tammy",Bluestem Asset Management,21600,0,21600
"Baldwin, Tammy",Exact Sciences Corp,21353,0,21353
"Baldwin, Tammy","Sheet Metal, Air, Rail & Transportation Union",21025,21000,25
"Baldwin, Tammy",Sierra Nevada Corp,20950,10000,10950
"Baldwin, Tammy",Analysis Group,23100,0,23100
"Barrasso, John A",Apollo Global Management,28800,5000,23800
"Barrasso, John A",National Assn of Realtors,29000,29000,0
"Barrasso, John A",Williams Companies,29000,17000,12000
"Barrasso, John A",Ford Motor Co,28535,27500,1035
"Barrasso, John A",Google Inc,32500,32500,0
"Barrasso, John A",Medquest Pharmacy,28000,0,28000
"Barrasso, John A","Brownstein, Hyatt et al",27900,14500,13400
"Barrasso, John A",General Motors,27700,25000,2700
"Barrasso, John A",Peabody Energy,27550,27500,50
"Barrasso, John A",Massachusetts Mutual Life Insurance,28500,28000,500
"Barrasso, John A",Valero Energy,30000,30000,0
"Barrasso, John A",Sempra Energy,32500,32500,0
"Barrasso, John A",General Dynamics,30000,30000,0
"Barrasso, John A",Fluor Corp,30000,30000,0
"Barrasso, John A",Eli Lilly & Co,30200,27500,2700
"Barrasso, John A",1st Financial Bank USA,31000,0,31000
"Barrasso, John A",Capital Group Companies,31900,12000,19900
"Barrasso, John A",PG&E Corp,32000,27000,5000
"Barrasso, John A",FedEx Corp,32000,32000,0
"Barrasso, John A",Occidental Petroleum,32300,21000,11300
"Barrasso, John A",Fierce Government Relations,32400,0,32400
"Barrasso, John A",Centene Corp,27500,11500,16000
"Barrasso, John A",Humana Inc,30000,30000,0
"Barrasso, John A",National Apartment Assn,27500,27500,0
"Barrasso, John A",American Trucking Assns,24500,22500,2000
"Barrasso, John A",Williams & Jensen,27450,2000,25450
"Barrasso, John A",Ernst & Young,21000,20000,1000
"Barrasso, John A",Pharmaceutical Research & Manufacturers Of America,21500,11500,10000
"Barrasso, John A",Crestview Partners,21600,0,21600
"Barrasso, John A",EmergeOrtho,22196,10000,12196
"Barrasso, John A",Harbinger Strategies,22250,0,22250
"Barrasso, John A",McKesson Corp,22500,22500,0
"Barrasso, John A",International Paper,22500,22500,0
"Barrasso, John A",HollyFrontier Corp,22500,22500,0
"Barrasso, John A",Ingram Industries,23100,10000,13100
"Barrasso, John A",Energy Capital Partners,23900,13500,10400
"Barrasso, John A",S-3 Group,24000,0,24000
"Barrasso, John A",BGR Group,24500,0,24500
"Barrasso, John A",Prudential Financial,25000,25000,0
"Barrasso, John A",Cherokee Nation,25000,0,25000
"Barrasso, John A",Koch Industries,25400,20000,5400
"Barrasso, John A",DISH Network,25700,5000,20700
"Barrasso, John A",Parsons Corp,26000,26000,0
"Barrasso, John A","National Stone, Sand & Gravel Assn",26000,26000,0
"Barrasso, John A",American Assn of Orthopaedic Surgeons,26500,26500,0
"Barrasso, John A",Sanofi US,27000,24500,2500
"Barrasso, John A",Southern Co,27015,27000,15
"Barrasso, John A",National Auto Dealers Assn,27500,27500,0
"Barrasso, John A",CSX Corp,32500,32500,0
"Barrasso, John A",Dannenbaum Engineering,21400,0,21400
"Barrasso, John A",FMC Corp,33300,22000,11300
"Barrasso, John A",Northrop Grumman,40050,40000,50
"Barrasso, John A",American Medical Assn,40250,40000,250
"Barrasso, John A",Merck & Co,42500,40000,2500
"Barrasso, John A",American Dental Assn,42500,42500,0
"Barrasso, John A",Clearpath Foundation,42700,0,42700
"Barrasso, John A",United Parcel Service,43000,43000,0
"Barrasso, John A",Marathon Petroleum,43000,43000,0
"Barrasso, John A",Neurological Surgery PC,43200,0,43200
"Barrasso, John A",Blackstone Group,43200,0,43200
"Barrasso, John A",Verizon Communications,43500,37000,6500
"Barrasso, John A",Automotive Free International Trade PAC,40000,40000,0
"Barrasso, John A",AbbVie Inc,44550,29500,15050
"Barrasso, John A",Blue Cross/Blue Shield,49025,43500,5525
"Barrasso, John A",Exelon Corp,50400,30000,20400
"Barrasso, John A",Berkshire Hathaway,54038,38000,16038
"Barrasso, John A",NextEra Energy,54550,28000,26550
"Barrasso, John A",Sinclair Companies,54850,0,54850
"Barrasso, John A",CVS Health,57425,42500,14925
"Barrasso, John A",Delta Air Lines,70610,25000,45610
"Barrasso, John A",Amgen Inc,77150,40000,37150
"Barrasso, John A",Pinnacle West Capital,77800,35000,42800
"Barrasso, John A",American Academy of Dermatology Assn,21000,21000,0
"Barrasso, John A",Abbott Laboratories,48000,48000,0
"Barrasso, John A",Home Depot,32501,32000,501
"Barrasso, John A",Comcast Corp,40000,40000,0
"Barrasso, John A",National Assn of Real Estate Investment Trusts,40000,40000,0
"Barrasso, John A",National Rural Electric Cooperative Assn,34000,34000,0
"Barrasso, John A",Microsoft Corp,34000,34000,0
"Barrasso, John A",Walmart Inc,34900,29500,5400
"Barrasso, John A",Wine & Spirits Wholesalers of America,35000,35000,0
"Barrasso, John A",UnitedHealth Group,35000,35000,0
"Barrasso, John A",Norfolk Southern,35000,35000,0
"Barrasso, John A",NCTA The Internet & Television Assn,35000,35000,0
"Barrasso, John A",Mortgage Bankers Assn,35000,35000,0
"Barrasso, John A",Hewlett Packard Enterprise,35000,35000,0
"Barrasso, John A",Charter Communications,35000,35000,0
"Barrasso, John A",National Assn of Home Builders,40000,40000,0
"Barrasso, John A",American Hotel & Lodging Assn,35000,35000,0
"Barrasso, John A",Chevron Corp,35900,14000,21900
"Barrasso, John A",Eastman Chemical,36000,36000,0
"Barrasso, John A",iHeartMedia Inc,36400,31000,5400
"Barrasso, John A",National Beer Wholesalers Assn,37500,37500,0
"Barrasso, John A",FirstEnergy Corp,38250,37000,1250
"Barrasso, John A",Union Pacific Corp,38500,38500,0
"Barrasso, John A",National Assn of Broadcasters,38500,37500,1000
"Barrasso, John A",Pfizer Inc,38700,30000,8700
"Barrasso, John A",National Assn of Convenience Stores,39500,39500,0
"Barrasso, John A",National Multifamily Housing Council,40000,40000,0
"Barrasso, John A",Honeywell International,35010,35000,10
"Bennet, Michael","Kleiner, Perkins et al",23200,0,23200
"Bennet, Michael",JStreetPAC,23343,2500,20843
"Bennet, Michael",Steptoe & Johnson,23083,3500,19583
"Bennet, Michael",Ares Management,27600,0,27600
"Bennet, Michael",Peter G Peterson Foundation,27800,0,27800
"Bennet, Michael","Welsh, Carson et al",28000,0,28000
"Bennet, Michael",Albright Stonebridge Group,28272,0,28272
"Bennet, Michael",Purdue Pharma,28400,0,28400
"Bennet, Michael","Davis, Graham & Stubbs",28900,0,28900
"Bennet, Michael",BlackRock Inc,29000,7500,21500
"Bennet, Michael",Democracy Engine,29100,0,29100
"Bennet, Michael","Gibson, Dunn & Crutcher",29200,5500,23700
"Bennet, Michael",National Multifamily Housing Council,27500,27500,0
"Bennet, Michael",United Parcel Service,29395,29000,395
"Bennet, Michael",Operating Engineers Union,29500,29500,0
"Bennet, Michael",National Assn of Realtors,29500,29500,0
"Bennet, Michael",AbbVie Inc,29512,29000,512
"Bennet, Michael",Apollo Global Management,29600,7500,22100
"Bennet, Michael",TPG Capital,29700,0,29700
"Bennet, Michael",Lumen Technologies,30063,6000,24063
"Bennet, Michael",Union Pacific Corp,30260,30000,260
"Bennet, Michael",CH2M HILL,30325,9000,21325
"Bennet, Michael",KPMG LLP,30400,25000,5400
"Bennet, Michael",Blue Cross/Blue Shield,29410,22000,7410
"Bennet, Michael",Deloitte LLP,27063,18500,8563
"Bennet, Michael",Analysis Group,27000,0,27000
"Bennet, Michael",Artery Capital Group,27000,0,27000
"Bennet, Michael",University of Denver,23584,0,23584
"Bennet, Michael",Farm Credit Council,23730,22730,1000
"Bennet, Michael",UnitedHealth Group,23945,18000,5945
"Bennet, Michael",Federation of American Hospitals,24000,24000,0
"Bennet, Michael",Colorado State University,24054,0,24054
"Bennet, Michael",Bauman Foundation,24300,0,24300
"Bennet, Michael",Investment Co Institute,24500,23500,1000
"Bennet, Michael",Forest City Enterprises,24800,5000,19800
"Bennet, Michael",Harvard University,24817,0,24817
"Bennet, Michael",Vail Resorts,24970,15000,9970
"Bennet, Michael",Wine & Spirits Wholesalers of America,25000,25000,0
"Bennet, Michael",Facebook Inc,25300,9000,16300
"Bennet, Michael",Lockheed Martin,25403,19000,6403
"Bennet, Michael",Plumbers/Pipefitters Union,25450,25000,450
"Bennet, Michael",Hewlett Packard Enterprise,25520,25500,20
"Bennet, Michael",Cisco Systems,25668,9000,16668
"Bennet, Michael",National Air Traffic Controllers Assn,26000,26000,0
"Bennet, Michael",Greenlight Capital,26200,0,26200
"Bennet, Michael",Bank of America,26566,0,26566
"Bennet, Michael","Bryan, Cave et al",26631,-1000,27631
"Bennet, Michael","Munger, Tolles & Olson",26700,0,26700
"Bennet, Michael",Molson Coors Brewing,30755,10000,20755
"Bennet, Michael",Morgan Stanley,23425,4000,19425
"Bennet, Michael",Mortgage Bankers Assn,31000,30000,1000
"Bennet, Michael",Pfizer Inc,31020,27500,3520
"Bennet, Michael",Democratic Senatorial Campaign Cmte,46800,46800,0
"Bennet, Michael",CVS Health,47508,24500,23008
"Bennet, Michael",WilmerHale LLP,48590,0,48590
"Bennet, Michael",Liberty Media Corp,49450,5000,44450
"Bennet, Michael",AT&T Inc,51594,23500,28094
"Bennet, Michael",Hogan Lovells,54800,2000,52800
"Bennet, Michael",Capital Group Companies,58200,15000,43200
"Bennet, Michael",Fidelity Investments,61350,22500,38850
"Bennet, Michael",JPMorgan Chase & Co,63095,24000,39095
"Bennet, Michael",Centerbridge Partners,46700,0,46700
"Bennet, Michael",Alphabet Inc,69205,25000,44205
"Bennet, Michael",Amgen Inc,74000,24000,50000
"Bennet, Michael","Brownstein, Hyatt et al",77625,7500,70125
"Bennet, Michael",Comcast Corp,83055,30000,53055
"Bennet, Michael",Pershing Square Capital Management,86100,0,86100
"Bennet, Michael",Goldman Sachs,88800,23000,65800
"Bennet, Michael",Oaktree Capital Management,89700,0,89700
"Bennet, Michael","Akin, Gump et al",104250,10578,93672
"Bennet, Michael",University of Colorado,120956,0,120956
"Bennet, Michael",Votesane PAC,122000,0,122000
"Bennet, Michael",Breckenridge Grand Vacations,70200,0,70200
"Bennet, Michael",Gilead Sciences,46300,12500,33800
"Bennet, Michael",Access Industries,46200,0,46200
"Bennet, Michael","Haddon, Morgan, Foreman Pc",45300,0,45300
"Bennet, Michael",Merck & Co,31508,31500,8
"Bennet, Michael",Alston & Bird,32100,22500,9600
"Bennet, Michael",Pacific Alternative Asset Management,32400,0,32400
"Bennet, Michael",MWWPR,32600,5000,27600
"Bennet, Michael",National Assn of Real Estate Investment Trusts,33000,25000,8000
"Bennet, Michael",Latham & Watkins,33100,0,33100
"Bennet, Michael",National Assn for Home Care,34400,5000,29400
"Bennet, Michael",Urology Center of Colorado,34425,0,34425
"Bennet, Michael",Select Medical Corp,35000,20000,15000
"Bennet, Michael",Sares-Regis Group,35100,0,35100
"Bennet, Michael",CoBank,37138,0,37138
"Bennet, Michael",Loews Corp,37425,5000,32425
"Bennet, Michael","Angelo, Gordon & Co",38350,0,38350
"Bennet, Michael",DaVita Inc,38889,21500,17389
"Bennet, Michael","Paul, Weiss et al",39085,0,39085
"Bennet, Michael",Tiber Creek Group,39400,0,39400
"Bennet, Michael",Arnold & Porter,39750,5000,34750
"Bennet, Michael",State of Colorado,41046,0,41046
"Bennet, Michael",RTX Corp,41564,41000,564
"Bennet, Michael",Xcel Energy,43395,20000,23395
"Bennet, Michael",DISH Network,44823,22500,22323
"Bennet, Michael",Microsoft Corp,31002,19000,12002
"Bennet, Michael",Blackstone Group,149900,0,149900
"Bennet, Michael",League of Conservation Voters,297105,12499,284606
"Blackburn, Marsha",Giarratana Development,16400,0,16400
"Blackburn, Marsha",DaVita Inc,28250,16500,11750
"Blackburn, Marsha",Tom James Co,27700,1000,26700
"Blackburn, Marsha",Cooper Steel,27600,0,27600
"Blackburn, Marsha",Lumen Technologies,27410,12500,14910
"Blackburn, Marsha",Cash Express LLC,27400,0,27400
"Blackburn, Marsha",Fitzgerald Glider Kits,27000,0,27000
"Blackburn, Marsha","Baker, Donelson et al",26371,2700,23671
"Blackburn, Marsha",Quicken Loans,26200,10000,16200
"Blackburn, Marsha",T-Mobile USA,25525,25000,525
"Blackburn, Marsha",Altria Group,25016,20000,5016
"Blackburn, Marsha",Marathon Petroleum,25010,25000,10
"Blackburn, Marsha",Deloitte LLP,24935,12500,12435
"Blackburn, Marsha",Jones Management Services,24800,0,24800
"Blackburn, Marsha",Community Health Systems,24400,15000,9400
"Blackburn, Marsha",Healthmark Ventures,24300,0,24300
"Blackburn, Marsha",Powell Companies,24100,0,24100
"Blackburn, Marsha",Lipman Brothers,23800,0,23800
"Blackburn, Marsha",Charter Communications,23500,22500,1000
"Blackburn, Marsha",Jonathan's Grille,22550,0,22550
"Blackburn, Marsha",NorPAC,22300,0,22300
"Blackburn, Marsha",Amgen Inc,22000,18000,4000
"Blackburn, Marsha",Delta Air Lines,28450,15000,13450
"Blackburn, Marsha",Curb Records,22000,0,22000
"Blackburn, Marsha",Impala Asset Management,29400,0,29400
"Blackburn, Marsha",Duke Energy,31050,10000,21050
"Blackburn, Marsha",Club for Growth,220703,2603,218100
"Blackburn, Marsha",CoreCivic Inc,57400,12500,44900
"Blackburn, Marsha",HCA Inc,56100,10000,46100
"Blackburn, Marsha",Southwestern Family of Companies,55300,0,55300
"Blackburn, Marsha",FedEx Corp,52753,20000,32753
"Blackburn, Marsha",AT&T Inc,47491,22000,25491
"Blackburn, Marsha",National Republican Senatorial Cmte,47402,47400,2
"Blackburn, Marsha",Copart Inc,46167,0,46167
"Blackburn, Marsha",Franklin American Mortgage,43000,0,43000
"Blackburn, Marsha",Comcast Corp,42950,20000,22950
"Blackburn, Marsha",State of Tennessee,40620,0,40620
"Blackburn, Marsha",Ingram Industries,40025,5700,34325
"Blackburn, Marsha",DISH Network,37500,10500,27000
"Blackburn, Marsha",Jackson National Life Insurance,37275,12500,24775
"Blackburn, Marsha",Blackstone Group,35855,0,35855
"Blackburn, Marsha",Koch Industries,35100,20000,15100
"Blackburn, Marsha",Acadia Healthcare,33700,12500,21200
"Blackburn, Marsha",Pilot Corp,32904,0,32904
"Blackburn, Marsha",Gen Cap America,31800,0,31800
"Blackburn, Marsha",Avkare,31600,0,31600
"Blackburn, Marsha",McKee Foods,31075,0,31075
"Blackburn, Marsha",Advance Financial,30075,2500,27575
"Blackburn, Marsha",M&M Industries,22000,0,22000
"Blackburn, Marsha",IDEMIA,21856,9956,11900
"Blackburn, Marsha",NCTA The Internet & Television Assn,21600,15000,6600
"Blackburn, Marsha",Fortress Investment Group,17700,0,17700
"Blackburn, Marsha",Cigna Corp,17525,17500,25
"Blackburn, Marsha",Toyota Motor North America,17525,17500,25
"Blackburn, Marsha",Federation of American Hospitals,17500,17500,0
"Blackburn, Marsha",Massachusetts Mutual Life Insurance,17500,16500,1000
"Blackburn, Marsha",National Multifamily Housing Council,17500,17500,0
"Blackburn, Marsha",Eastman Chemical,17450,15000,2450
"Blackburn, Marsha",Broadcast Music Inc,17400,15400,2000
"Blackburn, Marsha",Continental Resources,17400,10000,7400
"Blackburn, Marsha",Elliott Management,17200,0,17200
"Blackburn, Marsha",Verizon Communications,17053,16000,1053
"Blackburn, Marsha",Oracle Corp,17030,3280,13750
"Blackburn, Marsha",Boyle Investment Co,16600,0,16600
"Blackburn, Marsha",Fox Sports,16600,0,16600
"Blackburn, Marsha",Yarbrough Capital LLC,16600,0,16600
"Blackburn, Marsha",Telephone & Data Systems Inc,16450,11000,5450
"Blackburn, Marsha",American Development Corp,16400,0,16400
"Blackburn, Marsha",Design House,16400,0,16400
"Blackburn, Marsha",First Regents Bancservices,16400,0,16400
"Blackburn, Marsha",Volunteer Lumber Sales,16400,0,16400
"Blackburn, Marsha",Treemont Capital,16400,0,16400
"Blackburn, Marsha",Walt Disney Co,17710,15000,2710
"Blackburn, Marsha",Beaman Automotive Group,17900,0,17900
"Blackburn, Marsha",Capstar Bank,17950,0,17950
"Blackburn, Marsha",Community Oncology Alliance,17999,12999,5000
"Blackburn, Marsha",International Paper,21425,15000,6425
"Blackburn, Marsha",PricewaterhouseCoopers,21250,20000,1250
"Blackburn, Marsha",Fitzgerald Truck Parts & Sales,21200,0,21200
"Blackburn, Marsha",National HealthCare Corp,20975,12500,8475
"Blackburn, Marsha",Republican Jewish Coalition,20961,10000,10961
"Blackburn, Marsha",BGR Group,20800,0,20800
"Blackburn, Marsha",John Lee Co,20700,0,20700
"Blackburn, Marsha",British American Tobacco,20500,20000,500
"Blackburn, Marsha",United Parcel Service,20358,18500,1858
"Blackburn, Marsha",Pfizer Inc,20250,17500,2750
"Blackburn, Marsha",Senate Conservatives Fund,289292,0,289292
"Blackburn, Marsha",American College of Radiology,20000,20000,0
"Blackburn, Marsha",Compassus,19700,0,19700
"Blackburn, Marsha",Apollo Global Management,19533,12700,6833
"Blackburn, Marsha",Committee to Defend the President,19529,12927,6602
"Blackburn, Marsha",Berkshire Hathaway,19305,12000,7305
"Blackburn, Marsha",Irby Investments,19300,0,19300
"Blackburn, Marsha",Cumberland Pharmaceuticals,18900,7500,11400
"Blackburn, Marsha",Jennmar Corp,18900,0,18900
"Blackburn, Marsha",Winning for Women,18500,5000,13500
"Blackburn, Marsha",Great America PAC,18345,7300,11045
"Blackburn, Marsha",Recording Industry Assn of America,18000,7700,10300
"Blackburn, Marsha",National Assn of Broadcasters,19750,15000,4750
"Blackburn, Marsha",Lexus of Memphis,16400,0,16400
"Blumenthal, Richard",Charter Communications,76714,42000,34714
"Blumenthal, Richard",General Dynamics,63797,40000,23797
"Blumenthal, Richard",Motley Rice LLC,29250,0,29250
"Blumenthal, Richard",Atco Properties & Management,29088,0,29088
"Blumenthal, Richard",National Assn of Broadcasters,29050,24000,5050
"Blumenthal, Richard",Blue Harbour Group,28950,0,28950
"Blumenthal, Richard",Belfer Management,28300,0,28300
"Blumenthal, Richard",NorPAC,28210,0,28210
"Blumenthal, Richard",Oracle Corp,27667,20000,7667
"Blumenthal, Richard",Sabre GLBL,27500,27500,0
"Blumenthal, Richard",Air Line Pilots Assn,27000,27000,0
"Blumenthal, Richard",Apollo Global Management,26744,2000,24744
"Blumenthal, Richard",Massachusetts Mutual Life Insurance,26473,22000,4473
"Blumenthal, Richard","Becton, Dickinson & Co",26250,12500,13750
"Blumenthal, Richard",Marriott International,26205,11000,15205
"Blumenthal, Richard",American Society of Travel Advisors,26000,26000,0
"Blumenthal, Richard",Laborers Union,25500,25500,0
"Blumenthal, Richard",Fresenius Medical Care,25403,10000,15403
"Blumenthal, Richard",iHeartMedia Inc,23500,22000,1500
"Blumenthal, Richard",Intercontinental Exchange Inc,23400,1000,22400
"Blumenthal, Richard",Warburg Pincus,23300,0,23300
"Blumenthal, Richard",Thornton Law Firm,22900,0,22900
"Blumenthal, Richard",Lyndon Haviland & Co,22800,0,22800
"Blumenthal, Richard",Enterprise Holdings,30200,27500,2700
"Blumenthal, Richard",Foster & Foster,30300,0,30300
"Blumenthal, Richard",National Air Traffic Controllers Assn,30500,30500,0
"Blumenthal, Richard",Simmons Hanly Conroy,30600,0,30600
"Blumenthal, Richard",Granite Telecommunications,100500,0,100500
"Blumenthal, Richard",RTX Corp,67678,44000,23678
"Blumenthal, Richard","Early, Lucarelli et al",60142,0,60142
"Blumenthal, Richard",Deloitte LLP,48808,40000,8808
"Blumenthal, Richard",Altice USA,44855,16000,28855
"Blumenthal, Richard",BlackRock Inc,44300,5000,39300
"Blumenthal, Richard",UBS AG,42415,30000,12415
"Blumenthal, Richard",Yale University,42264,0,42264
"Blumenthal, Richard",Creative Artists Agency,41200,0,41200
"Blumenthal, Richard",Microsoft Corp,40426,18500,21926
"Blumenthal, Richard",League of Conservation Voters,22746,4846,17900
"Blumenthal, Richard",Honeywell International,37750,36500,1250
"Blumenthal, Richard",Wirtz Corp,35500,0,35500
"Blumenthal, Richard",International Brotherhood of Electrical Workers,35053,35000,53
"Blumenthal, Richard",Crawford Group,33600,20000,13600
"Blumenthal, Richard",Pfizer Inc,33473,30800,2673
"Blumenthal, Richard",Harvard University,33396,0,33396
"Blumenthal, Richard",American College of Emergency Physicians,32500,32500,0
"Blumenthal, Richard",National Beer Wholesalers Assn,32500,32500,0
"Blumenthal, Richard",Lockheed Martin,31339,31000,339
"Blumenthal, Richard",American Assn for Justice,31000,30000,1000
"Blumenthal, Richard",Mashantucket Pequot Tribal Nation,30783,0,30783
"Blumenthal, Richard","Koskoff, Koskoff & Bieder",37702,0,37702
"Blumenthal, Richard",Wilmerhale Llp,22440,0,22440
"Blumenthal, Richard",Intellectual Ventures LLC,29750,14000,15750
"Blumenthal, Richard",Greenberg Traurig LLP,21843,7410,14433
"Blumenthal, Richard",Real Estate Roundtable,18000,18000,0
"Blumenthal, Richard",Northrop Grumman,17991,16500,1491
"Blumenthal, Richard",DLA Piper,17918,6500,11418
"Blumenthal, Richard",Amd Homes,17900,0,17900
"Blumenthal, Richard",Incept LLC,17900,0,17900
"Blumenthal, Richard",Iranian American PAC,17800,17800,0
"Blumenthal, Richard",Alternative Investment Group,17704,0,17704
"Blumenthal, Richard",Centene Corp,17518,17500,18
"Blumenthal, Richard",Clifford Law Offices,17500,0,17500
"Blumenthal, Richard",National Assn of Letter Carriers,17000,17000,0
"Blumenthal, Richard",Smiths Group,17000,14000,3000
"Blumenthal, Richard",Winning Strategies Washington,16999,5500,11499
"Blumenthal, Richard",Walt Disney Co,16836,7500,9336
"Blumenthal, Richard",Blank Rome LLP,16700,4000,12700
"Blumenthal, Richard",Hartford Financial Services,16585,10000,6585
"Blumenthal, Richard",Merck & Co,16553,16500,53
"Blumenthal, Richard","Skadden, Arps et al",16218,0,16218
"Blumenthal, Richard",Bad Robot Productions,16205,0,16205
"Blumenthal, Richard",Hilliard Munoz Gonzales Llp,16200,0,16200
"Blumenthal, Richard",Cooney & Conway,22100,0,22100
"Blumenthal, Richard",Winstanley Enterprises,16200,0,16200
"Blumenthal, Richard",Henry Crown & Co,18000,0,18000
"Blumenthal, Richard",Red Apple Group,18100,0,18100
"Blumenthal, Richard","Bernstein, Litowitz et al",17500,0,17500
"Blumenthal, Richard",Alexion Pharmaceuticals,18400,8500,9900
"Blumenthal, Richard",DreamWorks SKG,21625,0,21625
"Blumenthal, Richard",Pitney Bowes Inc,18253,15000,3253
"Blumenthal, Richard",McGuireWoods LLP,21200,9500,11700
"Blumenthal, Richard","Newmark, Grubb et al",20958,0,20958
"Blumenthal, Richard","Kelley, Drye & Warren",20731,5681,15050
"Blumenthal, Richard",Genentech Inc,20500,20500,0
"Blumenthal, Richard",Malkin Holdings,20500,0,20500
"Blumenthal, Richard",Elevation Partners,20400,0,20400
"Blumenthal, Richard",Cigna Corp,20208,17000,3208
"Blumenthal, Richard",Power Rogers LLP,20200,0,20200
"Blumenthal, Richard","Lieff, Cabraser et al",20097,0,20097
"Blumenthal, Richard",US Senate,21273,0,21273
"Blumenthal, Richard",AFLAC Inc,20000,20000,0
"Blumenthal, Richard",National Assn of Realtors,20013,20000,13
"Blumenthal, Richard",Bloomberg LP,18558,0,18558
"Blumenthal, Richard",Lone Pine Capital,18600,0,18600
"Blumenthal, Richard","Brownstein, Hyatt et al",18700,8000,10700
"Blumenthal, Richard",Debevoise & Plimpton,18513,0,18513
"Blumenthal, Richard",AT&T Inc,19018,2000,17018
"Blumenthal, Richard",JPMorgan Chase & Co,19244,0,19244
"Blumenthal, Richard",Laz Parking,19300,0,19300
"Blumenthal, Richard",Asen & Co,18700,0,18700
"Blunt, Roy",Dot Foods,37300,0,37300
"Blunt, Roy",Outdoor Amusement Business Assn,35000,30000,5000
"Blunt, Roy",Automotive Free International Trade PAC,35000,35000,0
"Blunt, Roy",Visa Inc,35300,15000,20300
"Blunt, Roy",Northrop Grumman,35725,33000,2725
"Blunt, Roy",FedEx Corp,36000,34000,2000
"Blunt, Roy",Merck & Co,37000,30000,7000
"Blunt, Roy",Microsoft Corp,34400,22500,11900
"Blunt, Roy",American Institute of CPAs,37000,37000,0
"Blunt, Roy",National Assn of Convenience Stores,37500,37500,0
"Blunt, Roy",America's Credit Unions,38000,38000,0
"Blunt, Roy",US Cellular,37700,35000,2700
"Blunt, Roy",Honeywell International,37725,35000,2725
"Blunt, Roy",Walmart Inc,38000,35000,3000
"Blunt, Roy",Aristotle International,38300,0,38300
"Blunt, Roy",US Travel Assn,39000,35500,3500
"Blunt, Roy",National Assn of Real Estate Investment Trusts,39000,39000,0
"Blunt, Roy",United Parcel Service,39400,39000,400
"Blunt, Roy",T-Mobile USA,39500,39500,0
"Blunt, Roy",National Multifamily Housing Council,40000,40000,0
"Blunt, Roy",Atlas Air Worldwide,34300,22500,11800
"Blunt, Roy",Deloitte LLP,37515,35000,2515
"Blunt, Roy",American Hotel & Lodging Assn,33500,33500,0
"Blunt, Roy",H&R Block,28500,27000,1500
"Blunt, Roy",American Trucking Assns,32900,30000,2900
"Blunt, Roy",National Beer Wholesalers Assn,40000,40000,0
"Blunt, Roy",KKR & Co,28500,10000,18500
"Blunt, Roy",Exxon Mobil,28523,20000,8523
"Blunt, Roy",Veterans United Home Loans,28700,0,28700
"Blunt, Roy",Amway/Alticor Inc,29000,2000,27000
"Blunt, Roy",RTX Corp,29500,29500,0
"Blunt, Roy",Boeing Co,29707,25000,4707
"Blunt, Roy",Mortgage Bankers Assn,30000,30000,0
"Blunt, Roy",American Seniors Housing Assn,30000,30000,0
"Blunt, Roy",American Academy of Dermatology Assn,30000,30000,0
"Blunt, Roy",Koch Inc,30400,25000,5400
"Blunt, Roy",Southern Co,30500,28000,2500
"Blunt, Roy",Bristol-Myers Squibb,30500,24500,6000
"Blunt, Roy",Fierce Government Relations,31000,0,31000
"Blunt, Roy",Anheuser-Busch,31250,20000,11250
"Blunt, Roy",Southwest Airlines,31500,22500,9000
"Blunt, Roy",PricewaterhouseCoopers,31550,15000,16550
"Blunt, Roy",Leon Medical Centers,32400,0,32400
"Blunt, Roy",Wine & Spirits Wholesalers of America,32500,32500,0
"Blunt, Roy",Boehringer Ingelheim Corp,32500,30000,2500
"Blunt, Roy",Cigna Corp,32776,22500,10276
"Blunt, Roy",Cgcn Group,33050,5500,27550
"Blunt, Roy",National Assn of Home Builders,40000,40000,0
"Blunt, Roy",Bayer AG,127493,59000,68493
"Blunt, Roy",Alzheimer's Assn,40000,40000,0
"Blunt, Roy",Altria Group,51300,37500,13800
"Blunt, Roy",Centene Corp,51350,23500,27850
"Blunt, Roy",Ameren Corp,52550,37000,15550
"Blunt, Roy",NorPAC,52900,10600,42300
"Blunt, Roy","Bryan, Cave et al",54040,7000,47040
"Blunt, Roy",Emerson Electric,55600,11000,44600
"Blunt, Roy",Blackstone Group,56400,0,56400
"Blunt, Roy",UnitedHealth Group,56700,40000,16700
"Blunt, Roy",AT&T Inc,59455,48000,11455
"Blunt, Roy",Burns & McDonnell,59968,13000,46968
"Blunt, Roy",CSX Corp,60700,40000,20700
"Blunt, Roy",Comcast Corp,65200,40000,25200
"Blunt, Roy",Berkshire Hathaway,66250,39500,26750
"Blunt, Roy",National Assn of Broadcasters,66400,36000,30400
"Blunt, Roy",Home Depot,66750,40000,26750
"Blunt, Roy",Woodbranch Investments,70000,0,70000
"Blunt, Roy",Goldman Sachs,73950,18000,55950
"Blunt, Roy",Crawford Group,82100,20000,62100
"Blunt, Roy",Senior Star,87400,0,87400
"Blunt, Roy",Charles Schwab Corp,28400,5000,23400
"Blunt, Roy",Edward Jones,108675,25300,83375
"Blunt, Roy",CVS Health,51200,26000,25200
"Blunt, Roy",Husch Blackwell LLP,50865,14500,36365
"Blunt, Roy",Norfolk Southern,49800,35000,14800
"Blunt, Roy",National Assn of Realtors,49082,40000,9082
"Blunt, Roy",Abbott Laboratories,40000,40000,0
"Blunt, Roy",American Hospital Assn,40700,36000,4700
"Blunt, Roy",Ford Motor Co,41425,31500,9925
"Blunt, Roy",NCTA The Internet & Television Assn,43000,40000,3000
"Blunt, Roy",Diamond Pet Foods,43100,0,43100
"Blunt, Roy",Herzog Contracting,43223,0,43223
"Blunt, Roy",Poet LLC,43300,10500,32800
"Blunt, Roy",Enterprise Holdings,43500,22500,21000
"Blunt, Roy",Amgen Inc,43500,34500,9000
"Blunt, Roy",Blue Cross/Blue Shield,43525,43500,25
"Blunt, Roy",American Dental Assn,40000,40000,0
"Blunt, Roy",International Assn of Fire Fighters,43700,43500,200
"Blunt, Roy",Pfizer Inc,44700,39000,5700
"Blunt, Roy",Mallinckrodt Pharmaceuticals,44850,33500,11350
"Blunt, Roy",Thompson Coburn LLP,44900,33500,11400
"Blunt, Roy",Pan Am Equities,45000,0,45000
"Blunt, Roy",Charter Communications,45250,29000,16250
"Blunt, Roy",Koch Industries,45300,20000,25300
"Blunt, Roy",Union Pacific Corp,45505,35000,10505
"Blunt, Roy",General Electric,46635,16500,30135
"Blunt, Roy",National Republican Senatorial Cmte,46800,46800,0
"Blunt, Roy",General Motors,49000,40000,9000
"Blunt, Roy",National Rural Electric Cooperative Assn,44400,39000,5400
"Blunt, Roy",NAIOP Commercial Real Estate Devel Assn,28500,28500,0
"Blunt, Roy",Eli Lilly & Co,28400,21000,7400
"Booker, Cory",Sagewind Capital,17700,0,17700
"Booker, Cory",Telebrands Corp,32900,0,32900
"Booker, Cory",Amazon.com,32890,6000,26890
"Booker, Cory",Creative Artists Agency,32883,0,32883
"Booker, Cory",Columbia Property Trust,32800,0,32800
"Booker, Cory",Latham & Watkins,32619,0,32619
"Booker, Cory",AT&T Inc,32412,0,32412
"Booker, Cory","Kleiner, Perkins et al",31800,0,31800
"Booker, Cory","Paul, Weiss et al",31371,0,31371
"Booker, Cory",Lauder Partners,31200,0,31200
"Booker, Cory",Li & Fung,30300,0,30300
"Booker, Cory",Gersh Agency,30134,0,30134
"Booker, Cory",Eagle Capital Management,30000,0,30000
"Booker, Cory",University of California,28937,0,28937
"Booker, Cory",Stanford University,28796,0,28796
"Booker, Cory",Menlo Realty Ventures,27900,0,27900
"Booker, Cory","Sills, Cummis & Gross",27800,0,27800
"Booker, Cory",Bad Robot Productions,27678,0,27678
"Booker, Cory",Silver Lake Partners,26299,0,26299
"Booker, Cory",Blue Ridge Capital,26200,0,26200
"Booker, Cory",Pretium Partners,25950,0,25950
"Booker, Cory",Live Nation Entertainment,25444,0,25444
"Booker, Cory",GOLDMAN SACHS,33125,0,33125
"Booker, Cory",Columbia University,33522,0,33522
"Booker, Cory",Raj Assoc,34034,0,34034
"Booker, Cory",Centerview Partners,34600,0,34600
"Booker, Cory",Microsoft Corp,72044,10000,62044
"Booker, Cory",Wirtz Corp,66300,0,66300
"Booker, Cory",Apollo Global Management,65657,2000,63657
"Booker, Cory",Walt Disney Co,58648,0,58648
"Booker, Cory",Lowenstein Sandler Llp,57928,0,57928
"Booker, Cory",Harvest Partners,55785,0,55785
"Booker, Cory",Sullivan & Cromwell,55780,0,55780
"Booker, Cory",Alphabet Inc,52555,12000,40555
"Booker, Cory",Allied Wallet,50800,0,50800
"Booker, Cory",Comcast Corp,49609,12500,37109
"Booker, Cory",Phibro Animal Health,25310,0,25310
"Booker, Cory","Carella, Byrne et al",48750,0,48750
"Booker, Cory",Blackstone Group,48031,0,48031
"Booker, Cory",NorPAC,44600,0,44600
"Booker, Cory",Wonderful Co,43965,0,43965
"Booker, Cory",Bain Capital,43600,0,43600
"Booker, Cory",United Airlines,43514,2000,41514
"Booker, Cory","Simpson, Thacher & Bartlett",42120,0,42120
"Booker, Cory",HBJ Investments,40400,0,40400
"Booker, Cory",Ironstate Holdings,39100,0,39100
"Booker, Cory",William Blair & Co,38300,0,38300
"Booker, Cory",Greenberg Traurig LLP,35755,2000,33755
"Booker, Cory",Kirkland & Ellis,48660,0,48660
"Booker, Cory",Conduent Inc,25309,5000,20309
"Booker, Cory",Gibbons PC,69922,5000,64922
"Booker, Cory",American Assn for Justice,25050,25000,50
"Booker, Cory",Lockton Companies,20225,0,20225
"Booker, Cory",International Longshoremens Assn,20200,20200,0
"Booker, Cory",Arenberg Holdings,20100,0,20100
"Booker, Cory",Matrix Biology Institute,20100,0,20100
"Booker, Cory",Service Employees International Union,20080,10000,10080
"Booker, Cory",Teamsters Union,20010,20000,10
"Booker, Cory",Lexus of Lehigh Valley,20000,0,20000
"Booker, Cory",Norfolk Southern,20000,20000,0
"Booker, Cory",Sesco Inc,19915,0,19915
"Booker, Cory",UBS AG,19725,15000,4725
"Booker, Cory",Eton Park Capital Management,19100,0,19100
"Booker, Cory",Seeger Weiss LLP,18955,0,18955
"Booker, Cory",Loews Corp,18930,0,18930
"Booker, Cory",Verizon Communications,18912,6000,12912
"Booker, Cory",Kraut Law Group,18400,0,18400
"Booker, Cory",Lazard Ltd,18398,0,18398
"Booker, Cory",Covenant House,18300,0,18300
"Booker, Cory",Hugo Neu Corp,18300,0,18300
"Booker, Cory",RIDA Development,17800,0,17800
"Booker, Cory",Canoe Brook Management,17700,0,17700
"Booker, Cory",Rxr Realty,25100,0,25100
"Booker, Cory",Putnam Bridge,20500,0,20500
"Booker, Cory",Union Pacific Corp,20552,20000,552
"Booker, Cory",Genki Advisory,17700,0,17700
"Booker, Cory","Pachulski, Stang et al",21200,0,21200
"Booker, Cory",International Brotherhood of Electrical Workers,25040,25000,40
"Booker, Cory",Landmark Hospitality,24875,0,24875
"Booker, Cory",Marsh & McLennan,24604,2000,22604
"Booker, Cory",Bill & Melinda Gates Foundation,24375,0,24375
"Booker, Cory",Doherty Enterprises,24150,0,24150
"Booker, Cory",Slate Path Capital,23900,0,23900
"Booker, Cory",Operating Engineers Union,21026,15000,6026
"Booker, Cory",Prudential Financial,23216,15000,8216
"Booker, Cory",Scudiery Enterprises,23200,0,23200
"Booker, Cory",CSX Corp,22555,22500,55
"Booker, Cory",National Air Traffic Controllers Assn,22500,22500,0
"Booker, Cory",Inserra Supermarkets,23875,0,23875
"Booker, Cory",New York Life Insurance,22166,20000,2166
"Booker, Cory",Brown & Brown Insurance,22300,0,22300
"Booker, Cory",Diamond Castle Holdings,21200,0,21200
"Booker, Cory",New York University,21254,0,21254
"Booker, Cory",Berkshire Hathaway,21284,20000,1284
"Booker, Cory",Harbourton Enterprises,21200,0,21200
"Booker, Cory",Nimeks Organics,21600,0,21600
"Booker, Cory",Gps Investment Partners,21600,0,21600
"Booker, Cory",Lyft Inc,21753,0,21753
"Booker, Cory",Henry Crown & Co,21900,0,21900
"Booker, Cory","Brownstein, Hyatt et al",21325,1000,20325
"Boozman, John",National Confectioners Assn,15000,13000,2000
"Boozman, John",LiveRamp Inc,15000,15000,0
"Boozman, John",Lank PAC,15000,15000,0
"Boozman, John",Home Depot,15000,15000,0
"Boozman, John",Free State PAC,15000,15000,0
"Boozman, John",Defend America PAC,15000,15000,0
"Boozman, John",Automotive Free International Trade PAC,15000,15000,0
"Boozman, John",Koch Inc,15500,15500,0
"Boozman, John",Cooper Communities,15500,0,15500
"Boozman, John",American Financial Services Assn,17500,17500,0
"Boozman, John",State of Arkansas,15730,0,15730
"Boozman, John",Microsoft Corp,16000,16000,0
"Boozman, John",Anheuser-Busch,16250,16000,250
"Boozman, John",DaVita Inc,16500,16500,0
"Boozman, John",National Chicken Council,17000,17000,0
"Boozman, John",FedEx Corp,17000,16000,1000
"Boozman, John",Cerner Corp,17000,17000,0
"Boozman, John",Campbell Soup,17000,17000,0
"Boozman, John",National Beer Wholesalers Assn,17500,17500,0
"Boozman, John",American Optometric Assn,17500,17500,0
"Boozman, John",Aircraft Owners & Pilots Assn,15500,15500,0
"Boozman, John",National Thoroughbred Racing Assn,15000,15000,0
"Boozman, John",Nucor Corp,13400,8000,5400
"Boozman, John",USA Rice Federation,15000,15000,0
"Boozman, John",PRINTING United Alliance,12250,12250,0
"Boozman, John",American Dental Assn,17500,17500,0
"Boozman, John",National Cattlemen's Beef Assn,12500,12500,0
"Boozman, John",National Auto Dealers Assn,12500,12500,0
"Boozman, John",Hewlett Packard Enterprise,12500,12500,0
"Boozman, John",General Motors,12500,12500,0
"Boozman, John",Air Line Pilots Assn,12500,12500,0
"Boozman, John",Arvest Bank Group,12750,11000,1750
"Boozman, John",Renaissance Technologies,12800,0,12800
"Boozman, John",Regions Financial,13000,13000,0
"Boozman, John",Norfolk Southern,15000,15000,0
"Boozman, John",New York Life Insurance,13000,12500,500
"Boozman, John",First Service Bank,13300,0,13300
"Boozman, John",National Turkey Federation,13500,13500,0
"Boozman, John",Liberty Mutual Insurance,14000,14000,0
"Boozman, John",Eastman Chemical,14000,14000,0
"Boozman, John",California Dairies Inc,14000,14000,0
"Boozman, John",AFLAC Inc,14000,14000,0
"Boozman, John",Verizon Communications,14500,13500,1000
"Boozman, John",NCTA The Internet & Television Assn,14500,14500,0
"Boozman, John",Entergy Corp,14750,13500,1250
"Boozman, John",Occidental Petroleum,14800,4000,10800
"Boozman, John",Farm Credit Council,13000,13000,0
"Boozman, John",General Atomics,18000,18000,0
"Boozman, John",General Dynamics,25000,25000,0
"Boozman, John",International Council of Shopping Centers,18625,18625,0
"Boozman, John",NextEra Energy,27500,14000,13500
"Boozman, John",American Bankers Assn,28000,28000,0
"Boozman, John",Deloitte LLP,28500,28000,500
"Boozman, John",American Council of Engineering Cos,28500,28500,0
"Boozman, John",National Cotton Council,29000,28500,500
"Boozman, John",Honeywell International,29550,29500,50
"Boozman, John",American Hotel & Lodging Assn,30000,30000,0
"Boozman, John",Union Pacific Corp,30250,30000,250
"Boozman, John",iHeartMedia Inc,31000,30000,1000
"Boozman, John",Wine & Spirits Wholesalers of America,32500,32500,0
"Boozman, John",Northrop Grumman,32500,32500,0
"Boozman, John",National Multifamily Housing Council,32500,32500,0
"Boozman, John",CSX Corp,34500,34500,0
"Boozman, John",Berkshire Hathaway,36200,30000,6200
"Boozman, John",Tyson Foods,37950,29500,8450
"Boozman, John",National Assn of Broadcasters,41468,33000,8468
"Boozman, John",Lockheed Martin,42000,42000,0
"Boozman, John",AT&T Inc,42500,42500,0
"Boozman, John",Stephens Inc,64200,10000,54200
"Boozman, John",Walmart Inc,86785,32000,54785
"Boozman, John",Kmac,12200,0,12200
"Boozman, John",Comcast Corp,25500,25500,0
"Boozman, John",JPMorgan Chase & Co,18500,18500,0
"Boozman, John",RTX Corp,25500,25500,0
"Boozman, John",American Society of Interventional Pain Physicians,25000,25000,0
"Boozman, John",MCNA Dental Plans,18900,0,18900
"Boozman, John",Independent Community Bankers of America,19000,19000,0
"Boozman, John",PotlatchDeltic Corp,19800,9000,10800
"Boozman, John",Koch Industries,20000,20000,0
"Boozman, John",Common Values PAC,20000,20000,0
"Boozman, John",National Assn of Realtors,20500,20500,0
"Boozman, John",Murphy Oil,20900,5000,15900
"Boozman, John",Clearpath Foundation,21200,0,21200
"Boozman, John",Goldman Sachs,21700,15000,6700
"Boozman, John",Experian,21750,20500,1250
"Boozman, John",Blessey Marine Service,21900,12500,9400
"Boozman, John",NorPAC,22000,0,22000
"Boozman, John",National Air Traffic Controllers Assn,22000,22000,0
"Boozman, John",National Assn of Real Estate Investment Trusts,22500,22500,0
"Boozman, John",Bayer AG,22500,22500,0
"Boozman, John",1st Financial Bank USA,22666,0,22666
"Boozman, John",Capital Group Companies,22700,20000,2700
"Boozman, John",Alpine Group,23133,0,23133
"Boozman, John",United Parcel Service,23500,23500,0
"Boozman, John",Riceland Foods,24000,21500,2500
"Boozman, John",International Paper,25000,25000,0
"Boozman, John",US Senate,25400,0,25400
"Boozman, John",Cboe Global Markets,12000,12000,0
"Boozman, John",Abbott Laboratories,12166,8000,4166
"Boozman, John",Marathon Petroleum,12000,12000,0
"Braun, Mike",Senate Conservatives Fund,217112,0,217112
"Braun, Mike",Hunter Engineering,10800,0,10800
"Braun, Mike",HQ Investments,10800,0,10800
"Braun, Mike",HJ Kalikow & Co,10800,0,10800
"Braun, Mike",Harbour Group Industries,10800,0,10800
"Braun, Mike",Geo Pfau's Sons,10800,0,10800
"Braun, Mike",Drg Holdings LLC,10800,0,10800
"Braun, Mike",Continental Investors,10800,0,10800
"Braun, Mike",Bluff Point Assoc,10800,0,10800
"Braun, Mike",Bernard Marcus Family Foundation,10800,0,10800
"Braun, Mike",Ball Ventures,10800,0,10800
"Braun, Mike",AON Corp,10800,0,10800
"Braun, Mike",Task Force Tips,10850,0,10850
"Braun, Mike",American Suburban Utilities,10900,0,10900
"Braun, Mike",Truist Financial,11025,10000,1025
"Braun, Mike",German American Bancorp,11050,0,11050
"Braun, Mike",Steel Dynamics Inc,11400,0,11400
"Braun, Mike",Ofs Brands,11400,0,11400
"Braun, Mike",E&A Companies,11800,0,11800
"Braun, Mike",American Consolidated Natural Resources,11850,0,11850
"Braun, Mike",United Parcel Service,12000,10000,2000
"Braun, Mike",International Franchise Assn,12000,12000,0
"Braun, Mike",Living Stones Foundation Ct,10800,0,10800
"Braun, Mike",Longford Capital Management,10800,0,10800
"Braun, Mike",Melaleuca Inc,10800,0,10800
"Braun, Mike",Northwest Excavating,10800,0,10800
"Braun, Mike",Jasper Engines & Transmissions,47050,0,47050
"Braun, Mike",Schahet Hotels,10200,0,10200
"Braun, Mike",Farbest Foods,10200,0,10200
"Braun, Mike",Gaylor Electric,10266,0,10266
"Braun, Mike",Welsh Realty,10400,0,10400
"Braun, Mike",Stoops Buick Gmc,10400,0,10400
"Braun, Mike",Sabin Metal,10400,0,10400
"Braun, Mike",Rogers Group,10400,0,10400
"Braun, Mike","Hammond, Kennedy et al",10400,0,10400
"Braun, Mike",National Assn of Health Underwriters,10500,10500,0
"Braun, Mike",St Vincent Medical Group,10600,0,10600
"Braun, Mike",Kirby Risk Corp,10600,0,10600
"Braun, Mike",FedEx Corp,10600,9500,1100
"Braun, Mike",Electronics Inc,10700,0,10700
"Braun, Mike",Yancey Brothers,10800,0,10800
"Braun, Mike",Wallace Electrical Systems,10800,0,10800
"Braun, Mike",UM Holdings,10800,0,10800
"Braun, Mike",Stripco Inc,10800,0,10800
"Braun, Mike",Sequoia Capital,10800,0,10800
"Braun, Mike",Schnuck Markets,10800,0,10800
"Braun, Mike",Route One Investment,10800,0,10800
"Braun, Mike",Solution Tree,12050,0,12050
"Braun, Mike",Smoker Craft,12100,0,12100
"Braun, Mike",Reyes Holdings,40800,0,40800
"Braun, Mike",Memorial Hospital,12450,0,12450
"Braun, Mike",Maple Leaf Farms,16200,0,16200
"Braun, Mike",Amway/Alticor Inc,16200,0,16200
"Braun, Mike",Roche Holdings,16450,13500,2950
"Braun, Mike",Charles Schwab Corp,16700,0,16700
"Braun, Mike",Newmar Corp,17400,0,17400
"Braun, Mike",Marathon Petroleum,17500,17500,0
"Braun, Mike",Bowen Engineering,19000,0,19000
"Braun, Mike",Specialty Equipment Market Assn,19750,12000,7750
"Braun, Mike",Putco Inc,21600,0,21600
"Braun, Mike",Graber Post Buildings,21600,0,21600
"Braun, Mike",AT&T Inc,16005,15000,1005
"Braun, Mike",Ackerman Oil,21600,0,21600
"Braun, Mike",Jennmar Corp,24300,0,24300
"Braun, Mike",Barnes & Thornburg,24425,1000,23425
"Braun, Mike",Berkshire Hathaway,26150,7500,18650
"Braun, Mike",Streicher Construction,27100,0,27100
"Braun, Mike",Enterprise Holdings,28700,11000,17700
"Braun, Mike",Eli Lilly & Co,31088,10000,21088
"Braun, Mike",Wabash Valley Produce,32000,0,32000
"Braun, Mike",Alliance Resource Partners,40400,10000,30400
"Braun, Mike",Kindred Healthcare,12248,10000,2248
"Braun, Mike",National Republican Senatorial Cmte,47400,47400,0
"Braun, Mike",Magnolia Health Systems,22100,0,22100
"Braun, Mike",Republican Jewish Coalition,15850,5000,10850
"Braun, Mike",Club for Growth,82183,0,82183
"Braun, Mike",Wells Fargo,15450,2500,12950
"Braun, Mike",Ice Miller LLP,15677,2500,13177
"Braun, Mike",American United Life Insurance,12750,5000,7750
"Braun, Mike",American Bankers Assn,12525,12500,25
"Braun, Mike",Council of Insurance Agents & Brokers,12500,12500,0
"Braun, Mike",Blackstone Group,12800,0,12800
"Braun, Mike",Permian Enterprises,12883,0,12883
"Braun, Mike",Deloitte LLP,12945,7500,5445
"Braun, Mike",Kelley Automotive Group,13100,0,13100
"Braun, Mike",Pilot Corp,13500,0,13500
"Braun, Mike",Heritage Group,13500,0,13500
"Braun, Mike",Freedom Bank,13500,0,13500
"Braun, Mike",Kirkland & Ellis,13100,0,13100
"Braun, Mike",Warehouse Services Inc,13700,0,13700
"Braun, Mike",Cardon & Assoc,13900,0,13900
"Braun, Mike",Meyer Distributing,14250,0,14250
"Braun, Mike",UnitedHealth Group,15400,7500,7900
"Braun, Mike","Hall, Render et al",14311,14311,0
"Braun, Mike",Orthoindy Hospital,14400,0,14400
"Braun, Mike","Bose, McKinney & Evans",14800,0,14800
"Braun, Mike",National Turkey Federation,15000,15000,0
"Braun, Mike",Goldman Sachs,15000,5000,10000
"Braun, Mike",Automotive Color & Supply,13600,0,13600
"Braun, Mike",Comcast Corp,15000,15000,0
"Brown, Sherrod","Akin, Gump et al",35775,750,35025
"Brown, Sherrod",WPP plc,35001,0,35001
"Brown, Sherrod",American Seniors Housing Assn,35000,35000,0
"Brown, Sherrod",American Council of Life Insurers,33500,33500,0
"Brown, Sherrod",L Brands,34507,10000,24507
"Brown, Sherrod",General Dynamics,34273,32000,2273
"Brown, Sherrod",KPMG LLP,36148,35500,648
"Brown, Sherrod",American Hospital Assn,34825,31500,3325
"Brown, Sherrod",Wiley Rein LLP,36855,0,36855
"Brown, Sherrod",United Steelworkers,38783,35000,3783
"Brown, Sherrod",Wine & Spirits Wholesalers of America,37500,37500,0
"Brown, Sherrod",Independent Insurance Agents & Brokers of America,37500,37500,0
"Brown, Sherrod",Nucor Corp,37520,37000,520
"Brown, Sherrod",Kent State University,37523,0,37523
"Brown, Sherrod",Subject Matter,37800,0,37800
"Brown, Sherrod",Thrivent Financial,37833,34833,3000
"Brown, Sherrod",Alphabet Inc,38437,25000,13437
"Brown, Sherrod",Burns & McDonnell,38500,38500,0
"Brown, Sherrod",Depository Trust & Clearing Corp,33350,29350,4000
"Brown, Sherrod",Walt Disney Co,39251,1000,38251
"Brown, Sherrod",Williams & Jensen,36900,2000,34900
"Brown, Sherrod",American Health Care Assn,33000,25000,8000
"Brown, Sherrod","English, Munger & Rice",30800,0,30800
"Brown, Sherrod",Massachusetts Mutual Life Insurance,32650,30500,2150
"Brown, Sherrod",Holland & Knight,29900,15500,14400
"Brown, Sherrod","BROWNSTEIN, HYATT et al",29960,6000,23960
"Brown, Sherrod",UNITE HERE,29999,24999,5000
"Brown, Sherrod",Operating Engineers Union,30000,30000,0
"Brown, Sherrod",Bricklayers Union,30000,30000,0
"Brown, Sherrod",American Academy of Dermatology Assn,30000,30000,0
"Brown, Sherrod",Amalgamated Bank,30000,30000,0
"Brown, Sherrod",National Assn of Home Builders,30010,30000,10
"Brown, Sherrod",International Assn of Fire Fighters,30162,30000,162
"Brown, Sherrod",Invariant LLC,30200,0,30200
"Brown, Sherrod",American Institute of CPAs,30250,30000,250
"Brown, Sherrod",Amsted Industries,30500,25500,5000
"Brown, Sherrod",Alignment Government Strategies,30540,0,30540
"Brown, Sherrod",S&P Global,30700,14000,16700
"Brown, Sherrod",Cincinnati Children's Hospital Medical Center,39430,0,39430
"Brown, Sherrod",National Community Pharmacists Assn,31000,31000,0
"Brown, Sherrod",Honeywell International,31281,30500,781
"Brown, Sherrod",National Air Traffic Controllers Assn,31500,31500,0
"Brown, Sherrod",Ford Motor Co,31565,27000,4565
"Brown, Sherrod",Machinists/Aerospace Workers Union,31590,30000,1590
"Brown, Sherrod","Williams, Hart et al",31600,0,31600
"Brown, Sherrod",Huntington Bancshares,32503,20000,12503
"Brown, Sherrod",American Federation of Government Employees,32546,32500,46
"Brown, Sherrod",MetroHealth System,32927,0,32927
"Brown, Sherrod",Bank of America,39821,27500,12321
"Brown, Sherrod",Ernst & Young,40911,37500,3411
"Brown, Sherrod",National Assn of Real Estate Investment Trusts,40000,40000,0
"Brown, Sherrod",National Education Assn,51854,40000,11854
"Brown, Sherrod",Analysis Group,53633,0,53633
"Brown, Sherrod",Comcast Corp,55603,35000,20603
"Brown, Sherrod",New York Life Insurance,55902,34000,21902
"Brown, Sherrod",Capital Group Companies,57913,20000,37913
"Brown, Sherrod",America's Credit Unions,58405,52500,5905
"Brown, Sherrod",Prudential Financial,58925,29500,29425
"Brown, Sherrod",Oberlin College,59264,0,59264
"Brown, Sherrod","Kohrman, Jackson & Krantz",64268,0,64268
"Brown, Sherrod",Thompson Hine LLP,65191,5000,60191
"Brown, Sherrod",Baker & Hostetler,69987,13500,56487
"Brown, Sherrod",Jones Day,81310,0,81310
"Brown, Sherrod",Nationwide,83231,33500,49731
"Brown, Sherrod",Case Western Reserve University,105724,0,105724
"Brown, Sherrod",Cleveland-Cliffs,110437,47400,63037
"Brown, Sherrod",Votesane PAC,117526,0,117526
"Brown, Sherrod",Cleveland Clinic,139833,0,139833
"Brown, Sherrod",JStreetPAC,179872,9706,170166
"Brown, Sherrod",League of Conservation Voters,208624,16999,191625
"Brown, Sherrod",Ohio State University,259685,0,259685
"Brown, Sherrod",RLJ Management,29800,0,29800
"Brown, Sherrod",State of Ohio,51310,0,51310
"Brown, Sherrod",National Multifamily Housing Council,40000,40000,0
"Brown, Sherrod",GOJO Industries,51000,0,51000
"Brown, Sherrod",University of Cincinnati,48936,0,48936
"Brown, Sherrod",National Assn of Letter Carriers,40000,40000,0
"Brown, Sherrod","Bakery, Confectionery, Tobacco & Grain Union",40000,40000,0
"Brown, Sherrod",Air Line Pilots Assn,40085,40000,85
"Brown, Sherrod",University of Akron,40124,0,40124
"Brown, Sherrod",Tiber Creek Group,40220,0,40220
"Brown, Sherrod",American Assn for Justice,40250,40000,250
"Brown, Sherrod",National Assn of Realtors,40500,39500,1000
"Brown, Sherrod",Dealer Tire,40750,0,40750
"Brown, Sherrod",Communications Workers of America,41124,40000,1124
"Brown, Sherrod",American Federation of State/Cnty/Munic Employees,41439,40000,1439
"Brown, Sherrod","Vorys, Sater et al",49126,6000,43126
"Brown, Sherrod",American Federation of Teachers,42468,41000,1468
"Brown, Sherrod",Procter & Gamble,44075,10000,34075
"Brown, Sherrod",Goldman Sachs,44602,20000,24602
"Brown, Sherrod",International Brotherhood of Electrical Workers,45098,40000,5098
"Brown, Sherrod",Cardinal Health,45716,30000,15716
"Brown, Sherrod",Children's Research & Education Institute,45800,0,45800
"Brown, Sherrod",Mortgage Bankers Assn,46000,42500,3500
"Brown, Sherrod",PricewaterhouseCoopers,46115,37500,8615
"Brown, Sherrod",United Food & Commercial Workers Union,46434,44948,1486
"Brown, Sherrod",Nationwide Children's Hospital,46543,0,46543
"Brown, Sherrod",Sony Corp,48856,2000,46856
"Brown, Sherrod",Squire Patton Boggs,43152,3500,39652
"Brown, Sherrod",Deloitte LLP,46539,40000,6539
"Burr, Richard",American Financial Group,21000,0,21000
"Burr, Richard",KPMG LLP,20200,17500,2700
"Burr, Richard",Ryan LLC,21400,10000,11400
"Burr, Richard",NASCAR,21100,10000,11100
"Burr, Richard",American Dental Assn,25000,25000,0
"Burr, Richard",Alston & Bird,25141,10000,15141
"Burr, Richard",National Beer Wholesalers Assn,25500,25500,0
"Burr, Richard",Eli Lilly & Co,25700,17000,8700
"Burr, Richard",Publix Super Markets,25800,15000,10800
"Burr, Richard",New Jersey Urology,26250,0,26250
"Burr, Richard",GlaxoSmithKline,26950,12500,14450
"Burr, Richard",National Multifamily Housing Council,27500,27500,0
"Burr, Richard",International Paper,27500,27500,0
"Burr, Richard",American College of Radiology,27500,27500,0
"Burr, Richard",Fierce Government Relations,28050,0,28050
"Burr, Richard",Occidental Petroleum,28300,15000,13300
"Burr, Richard",Ford Motor Co,28500,17500,11000
"Burr, Richard",Blackstone Group,29300,0,29300
"Burr, Richard",DaVita Inc,29400,13000,16400
"Burr, Richard",Comcast Corp,29500,26000,3500
"Burr, Richard",Woodbranch Investments,30000,0,30000
"Burr, Richard",National Assn of Convenience Stores,30000,30000,0
"Burr, Richard",McKesson Corp,30000,30000,0
"Burr, Richard",Boeing Co,30000,30000,0
"Burr, Richard",CME Group,25000,17000,8000
"Burr, Richard",General Dynamics,30250,30000,250
"Burr, Richard",General Atomics,25000,1500,23500
"Burr, Richard",National Assn of Broadcasters,25000,25000,0
"Burr, Richard",DLA Piper,21365,6000,15365
"Burr, Richard",American Hotel & Lodging Assn,21500,21500,0
"Burr, Richard",Meridian Capital,21600,0,21600
"Burr, Richard",Heller Realty,21600,0,21600
"Burr, Richard",Amway/Alticor Inc,21600,0,21600
"Burr, Richard",Alex Lee Inc,21700,10000,11700
"Burr, Richard",Northwestern Mutual,21800,2500,19300
"Burr, Richard",Glen Raven Inc,21850,0,21850
"Burr, Richard",Wine & Spirits Wholesalers of America,22500,22500,0
"Burr, Richard",TIAA,22500,21500,1000
"Burr, Richard",Humana Inc,22500,22500,0
"Burr, Richard",Ward & Smith,22850,9500,13350
"Burr, Richard",Law Offices of Frederick H Graefe,23315,0,23315
"Burr, Richard",Genworth Financial,23450,20000,3450
"Burr, Richard",Emergent BioSolutions,23500,10000,13500
"Burr, Richard",UBS AG,23700,20000,3700
"Burr, Richard",BGR Group,24177,2477,21700
"Burr, Richard",Purdue Pharma,24247,18000,6247
"Burr, Richard",Alpine Group,24616,0,24616
"Burr, Richard",Wells Fargo,24650,10000,14650
"Burr, Richard",Union Pacific Corp,25000,25000,0
"Burr, Richard",Home Depot,25000,25000,0
"Burr, Richard",Lockheed Martin,30500,29000,1500
"Burr, Richard",California Dairies Inc,25000,25000,0
"Burr, Richard",Google Inc,31090,30000,1090
"Burr, Richard",National Assn of Real Estate Investment Trusts,41000,40000,1000
"Burr, Richard",General Electric,41350,11000,30350
"Burr, Richard",Blue Cross/Blue Shield,43050,20000,23050
"Burr, Richard",Massachusetts Mutual Life Insurance,44200,21500,22700
"Burr, Richard",Nucor Corp,44350,15000,29350
"Burr, Richard",Premier Inc,45682,20000,25682
"Burr, Richard",Pfizer Inc,45800,35000,10800
"Burr, Richard",Lowe's Companies,46300,24000,22300
"Burr, Richard",AT&T Inc,48650,48000,650
"Burr, Richard",Bank of America,51000,19500,31500
"Burr, Richard",Ernst & Young,52150,30000,22150
"Burr, Richard",Prudential Financial,57000,29000,28000
"Burr, Richard",Southern Co,59400,44500,14900
"Burr, Richard",Abbott Laboratories,63209,38000,25209
"Burr, Richard",Metlife Inc,66100,20000,46100
"Burr, Richard",Northrop Grumman,70800,40500,30300
"Burr, Richard",Duke Energy,76400,42000,34400
"Burr, Richard",Altria Group,92100,45000,47100
"Burr, Richard",Dominion Energy,103600,37000,66600
"Burr, Richard",British American Tobacco,147425,50000,97425
"Burr, Richard",Wake Forest Baptist Medical Center,30700,0,30700
"Burr, Richard",Elliott Management,40400,0,40400
"Burr, Richard",Womble Bond Dickinson,40350,0,40350
"Burr, Richard",Fidelity Investments,46750,20000,26750
"Burr, Richard",Live Oak Bank,38100,0,38100
"Burr, Richard",RTX Corp,38700,37000,1700
"Burr, Richard",Truist Financial,31650,16000,15650
"Burr, Richard",United Parcel Service,31900,31500,400
"Burr, Richard",UnitedHealth Group,32500,25500,7000
"Burr, Richard",CSX Corp,32500,32500,0
"Burr, Richard",Clean Energy Fuels Corp,32650,0,32650
"Burr, Richard",Pinnacle West Capital,33000,33000,0
"Burr, Richard",1st Financial Bank USA,33930,0,33930
"Burr, Richard",Capital Group Companies,34400,18000,16400
"Burr, Richard",Swisher International,34500,27500,7000
"Burr, Richard",Norfolk Southern,34500,34500,0
"Burr, Richard",American Assn of Orthodontists,31500,31500,0
"Burr, Richard",National Assn of Realtors,35000,35000,0
"Burr, Richard",FedEx Corp,34900,28500,6400
"Burr, Richard",EmergeOrtho,37200,9600,27600
"Burr, Richard",Deloitte LLP,36500,35000,1500
"Burr, Richard",Merck & Co,35750,35000,750
"Burr, Richard",Verizon Communications,37700,30000,7700
"Burr, Richard",Boston Scientific Corp,35100,20000,15100
"Burr, Richard",Automotive Free International Trade PAC,35000,35000,0
"Burr, Richard",Honeywell International,35000,35000,0
"Burr, Richard",McGuireWoods LLP,35700,10000,25700
"Cantwell, Maria",Quilceda Creek Vintners,10800,0,10800
"Cantwell, Maria",Centene Corp,10400,0,10400
"Cantwell, Maria",Puget Sound Energy,10480,0,10480
"Cantwell, Maria",Power Rogers LLP,10600,0,10600
"Cantwell, Maria",Virginia Mason Medical Center,10709,0,10709
"Cantwell, Maria",Covanta Holding,10750,0,10750
"Cantwell, Maria",DaVita Inc,10203,0,10203
"Cantwell, Maria",Sidney Kohl Co,10800,0,10800
"Cantwell, Maria",Raikes Foundation,10800,0,10800
"Cantwell, Maria",Prospect Hotel Advisors,10800,0,10800
"Cantwell, Maria",Connell Co,10800,0,10800
"Cantwell, Maria","Kleiner, Perkins et al",10800,0,10800
"Cantwell, Maria",Far Star Ventures,10800,0,10800
"Cantwell, Maria",DISH Network,10800,0,10800
"Cantwell, Maria",Children's Research & Education Institute,10800,0,10800
"Cantwell, Maria",Broadmark Capital,10800,0,10800
"Cantwell, Maria",Blume Co,10800,0,10800
"Cantwell, Maria",Bain Capital,10839,0,10839
"Cantwell, Maria",Saltchuk Resources,11000,0,11000
"Cantwell, Maria",Gordon Thomas Honeywell LLP,10100,0,10100
"Cantwell, Maria",Martin Selig Real Estate,10800,0,10800
"Cantwell, Maria",Tableau Software,10035,0,10035
"Cantwell, Maria",National Assn of Broadcasters,8500,0,8500
"Cantwell, Maria",Goldman Sachs,10000,0,10000
"Cantwell, Maria",Molecular Epidemiology,8300,0,8300
"Cantwell, Maria","Akin, Gump et al",8502,0,8502
"Cantwell, Maria",Cassidy & Assoc,8525,0,8525
"Cantwell, Maria",Delta Air Lines,8530,0,8530
"Cantwell, Maria",Hogan Lovells,8600,0,8600
"Cantwell, Maria",Baupost Group,8850,0,8850
"Cantwell, Maria",Van Ness Feldman,8875,0,8875
"Cantwell, Maria",Red Stone Equity Partners,8900,0,8900
"Cantwell, Maria",Potelco Inc,8900,0,8900
"Cantwell, Maria",University of Washington Medicine,9091,0,9091
"Cantwell, Maria",Swedish Health Services,9232,0,9232
"Cantwell, Maria",Fred Hutchinson Cancer Center,9314,0,9314
"Cantwell, Maria",Pacific Companies (Idaho),9400,0,9400
"Cantwell, Maria","City of Seattle, WA",9418,0,9418
"Cantwell, Maria",HLP&R Advocacy,9500,0,9500
"Cantwell, Maria",Accolade Inc,9500,0,9500
"Cantwell, Maria",TPG Capital,9600,0,9600
"Cantwell, Maria",JStreetPAC,9600,0,9600
"Cantwell, Maria",Lesmir,9800,0,9800
"Cantwell, Maria",Pisces Inc,9900,0,9900
"Cantwell, Maria",Vaagen Brothers Lumber,10000,0,10000
"Cantwell, Maria",Consonus Healthcare,10000,0,10000
"Cantwell, Maria",Alliant Capital,11050,0,11050
"Cantwell, Maria",Clifford Law Offices,8100,0,8100
"Cantwell, Maria",Washington State University,11619,0,11619
"Cantwell, Maria",Novogradac & Co,18200,0,18200
"Cantwell, Maria",Capitol Counsel,18200,0,18200
"Cantwell, Maria",Costco Wholesale,18388,0,18388
"Cantwell, Maria",Womencount PAC,19030,0,19030
"Cantwell, Maria",Strategies 360,19450,0,19450
"Cantwell, Maria","Orrick, Herrington & Sutcliffe",19450,0,19450
"Cantwell, Maria",Carnival Corp,19910,0,19910
"Cantwell, Maria",Fisher Investments,20000,0,20000
"Cantwell, Maria",Royal Bank of Canada,21700,0,21700
"Cantwell, Maria",K&L Gates,24020,0,24020
"Cantwell, Maria",Fedex Corp,24601,0,24601
"Cantwell, Maria",Valve Corp,26850,0,26850
"Cantwell, Maria",Zillow Group,37025,0,37025
"Cantwell, Maria",State of Washington,37422,0,37422
"Cantwell, Maria",Democracy Engine,43800,0,43800
"Cantwell, Maria",EMILY's List,45756,0,45756
"Cantwell, Maria",Amazon.com,59240,0,59240
"Cantwell, Maria",Boeing Co,68685,0,68685
"Cantwell, Maria",University of Washington,75163,0,75163
"Cantwell, Maria",Ballmer Group,8200,0,8200
"Cantwell, Maria",League of Conservation Voters,100823,-37,100860
"Cantwell, Maria",Hudson Housing Capital,17800,0,17800
"Cantwell, Maria",Vulcan Materials,11160,0,11160
"Cantwell, Maria",Intellectual Ventures LLC,17715,0,17715
"Cantwell, Maria",Delta Dental Plans Assn,17093,0,17093
"Cantwell, Maria",Cornerstone Government Affairs,11800,0,11800
"Cantwell, Maria",Squire Patton Boggs,13100,0,13100
"Cantwell, Maria","Sonosky, Chambers et al",13150,0,13150
"Cantwell, Maria",Greater New York Hospital Assn,13200,0,13200
"Cantwell, Maria",Forbes Tate Partners,13259,0,13259
"Cantwell, Maria",Alpine Group,13450,0,13450
"Cantwell, Maria",Audacy Inc,13500,0,13500
"Cantwell, Maria",IEH Laboratories,13700,0,13700
"Cantwell, Maria","Bergman, Draper et al",13700,0,13700
"Cantwell, Maria",Holland & Knight,13750,0,13750
"Cantwell, Maria",Subject Matter,13900,0,13900
"Cantwell, Maria",Lumen Technologies,14060,0,14060
"Cantwell, Maria",Weyerhaeuser Co,14085,0,14085
"Cantwell, Maria",Madrona Venture Group,14237,0,14237
"Cantwell, Maria",Carlyle Group,14350,0,14350
"Cantwell, Maria",Bill & Melinda Gates Foundation,14750,0,14750
"Cantwell, Maria",Trident Seafoods,15450,0,15450
"Cantwell, Maria",Korein Tillery LLC,15800,0,15800
"Cantwell, Maria",NextEra Energy,16010,0,16010
"Cantwell, Maria",Second Avenue Partners,16600,0,16600
"Cantwell, Maria",PG&E Corp,16750,0,16750
"Cantwell, Maria",Meta,17475,0,17475
"Cantwell, Maria","Bocarsly, Emden et al",8100,0,8100
"Cantwell, Maria",Microsoft Corp,116119,0,116119
"Cantwell, Maria",Morgan & Morgan,113400,0,113400
"Cantwell, Maria",Cooney & Conway,8100,0,8100
"Capito, Shelley Moore",Jennmar Corp,28000,0,28000
"Capito, Shelley Moore",FedEx Corp,27024,27000,24
"Capito, Shelley Moore",UnitedHealth Group,26100,20500,5600
"Capito, Shelley Moore",National Community Pharmacists Assn,26000,26000,0
"Capito, Shelley Moore",NorPAC,25500,0,25500
"Capito, Shelley Moore",Google Inc,25075,25000,75
"Capito, Shelley Moore",National Assn of Chemical Distributors,25000,25000,0
"Capito, Shelley Moore",Toyota Motor North America,25000,25000,0
"Capito, Shelley Moore",Centene Corp,24300,2500,21800
"Capito, Shelley Moore",American Hospital Assn,24000,20000,4000
"Capito, Shelley Moore",National Assn of Broadcasters,24000,23000,1000
"Capito, Shelley Moore",National Assn of Convenience Stores,12500,12500,0
"Capito, Shelley Moore",KPMG LLP,23500,23500,0
"Capito, Shelley Moore",Telephone & Data Systems Inc,22700,20000,2700
"Capito, Shelley Moore",International Franchise Assn,22500,22500,0
"Capito, Shelley Moore",Charter Communications,22000,20000,2000
"Capito, Shelley Moore",Ergon Inc,21700,0,21700
"Capito, Shelley Moore",New York Life Insurance,20425,20000,425
"Capito, Shelley Moore",Alpha Metallurgical Resources,20400,15000,5400
"Capito, Shelley Moore",Civic Service Inc,20400,0,20400
"Capito, Shelley Moore",Laborers Union,20030,20000,30
"Capito, Shelley Moore",Home Depot,20010,20000,10
"Capito, Shelley Moore",AT&T Inc,29036,29000,36
"Capito, Shelley Moore",PricewaterhouseCoopers,23510,23500,10
"Capito, Shelley Moore",General Motors,29275,28500,775
"Capito, Shelley Moore",Sullivan & Cromwell,30000,0,30000
"Capito, Shelley Moore",National Electrical Contractors Assn,12500,12500,0
"Capito, Shelley Moore",Dominion Energy,52100,37500,14600
"Capito, Shelley Moore",GEO Group,51000,15000,36000
"Capito, Shelley Moore",Mortgage Bankers Assn,41000,41000,0
"Capito, Shelley Moore",Honeywell International,40150,40000,150
"Capito, Shelley Moore",United Parcel Service,40080,40000,80
"Capito, Shelley Moore",National Auto Dealers Assn,40000,40000,0
"Capito, Shelley Moore",National Multifamily Housing Council,40000,40000,0
"Capito, Shelley Moore",DISH Network,39050,22000,17050
"Capito, Shelley Moore",Union Pacific Corp,38000,37500,500
"Capito, Shelley Moore",Williams Companies,36800,20000,16800
"Capito, Shelley Moore",Deloitte LLP,36625,35500,1125
"Capito, Shelley Moore",Elliott Management,36500,0,36500
"Capito, Shelley Moore",Berkshire Hathaway,36050,35000,1050
"Capito, Shelley Moore",Delta Air Lines,35575,17500,18075
"Capito, Shelley Moore",CSX Corp,35000,35000,0
"Capito, Shelley Moore",Northrop Grumman,33515,33500,15
"Capito, Shelley Moore",Comcast Corp,31462,30000,1462
"Capito, Shelley Moore",Ernst & Young,30000,30000,0
"Capito, Shelley Moore",National Beer Wholesalers Assn,30000,30000,0
"Capito, Shelley Moore",Norfolk Southern,30000,30000,0
"Capito, Shelley Moore",Wine & Spirits Wholesalers of America,30000,30000,0
"Capito, Shelley Moore",Independent Community Bankers of America,20000,20000,0
"Capito, Shelley Moore",Koch Industries,20000,20000,0
"Capito, Shelley Moore",National Assn of Realtors,20000,20000,0
"Capito, Shelley Moore",International Assn of Fire Fighters,15000,15000,0
"Capito, Shelley Moore",International Paper,15000,15000,0
"Capito, Shelley Moore",Koch Inc,15000,15000,0
"Capito, Shelley Moore",Marathon Petroleum,15000,15000,0
"Capito, Shelley Moore",National Active & Retired Federal Employees Assn,15000,15000,0
"Capito, Shelley Moore",National Rural Electric Cooperative Assn,15000,15000,0
"Capito, Shelley Moore",Operating Engineers Union,15000,15000,0
"Capito, Shelley Moore",Valero Energy,15000,15000,0
"Capito, Shelley Moore",Value in Electing Women PAC,15000,15000,0
"Capito, Shelley Moore",Blackstone,14000,0,14000
"Capito, Shelley Moore",PNC Financial Services,14000,14000,0
"Capito, Shelley Moore",Ford Motor Co,13535,13500,35
"Capito, Shelley Moore",T-Mobile USA,13510,13500,10
"Capito, Shelley Moore",American Dental Assn,13500,13000,500
"Capito, Shelley Moore",Microsoft Corp,13175,7500,5675
"Capito, Shelley Moore",Raytheon Technologies,13060,13000,60
"Capito, Shelley Moore",AFLAC Inc,13000,13000,0
"Capito, Shelley Moore",National Air Traffic Controllers Assn,13000,13000,0
"Capito, Shelley Moore",National Roofing Contractors Assn,13000,13000,0
"Capito, Shelley Moore",FirstEnergy Corp,81300,40000,41300
"Capito, Shelley Moore",National Assn of Real Estate Investment Trusts,12500,12500,0
"Capito, Shelley Moore",Automotive Free International Trade PAC,15000,15000,0
"Capito, Shelley Moore",American Hotel & Lodging Assn,15000,15000,0
"Capito, Shelley Moore",General Dynamics,15145,15000,145
"Capito, Shelley Moore",Merck & Co,15250,15000,250
"Capito, Shelley Moore",Capital Counsel,19600,0,19600
"Capito, Shelley Moore",Senior Star,19600,0,19600
"Capito, Shelley Moore",RDV Corp,19500,0,19500
"Capito, Shelley Moore",Goldman Sachs,19000,2500,16500
"Capito, Shelley Moore",Amazon.com,18502,18500,2
"Capito, Shelley Moore",Bank of America,18500,6500,12000
"Capito, Shelley Moore",Blue Cross/Blue Shield,18500,18500,0
"Capito, Shelley Moore",Rite Aid Corp,18500,17500,1000
"Capito, Shelley Moore",Blackstone Group,18400,0,18400
"Capito, Shelley Moore",DuPont Co,18255,18000,255
"Capito, Shelley Moore",American Bankers Assn,12525,12500,25
"Capito, Shelley Moore",Huntington Ingalls Industries,18000,18000,0
"Capito, Shelley Moore",Massachusetts Mutual Life Insurance,17000,17000,0
"Capito, Shelley Moore",NCTA The Internet & Television Assn,17000,17000,0
"Capito, Shelley Moore",Ornstein-Schuler Companies,16800,0,16800
"Capito, Shelley Moore",K&L Gates,16562,9250,7312
"Capito, Shelley Moore",Pfizer Inc,16025,16000,25
"Capito, Shelley Moore",America's Credit Unions,16000,16000,0
"Capito, Shelley Moore","National Stone, Sand & Gravel Assn",16000,16000,0
"Capito, Shelley Moore",Walmart Inc,15535,15500,35
"Capito, Shelley Moore",Air Line Pilots Assn,15500,15500,0
"Capito, Shelley Moore",Steptoe & Johnson,15300,0,15300
"Capito, Shelley Moore",American College of Emergency Physicians,17500,17500,0
"Capito, Shelley Moore",Leidos Inc,20000,20000,0
"Cardin, Ben",Blue Cross/Blue Shield,64025,42500,21525
"Cardin, Ben",Northrop Grumman,45005,45000,5
"Cardin, Ben",CSX Corp,11000,11000,0
"Cardin, Ben",WilmerHale LLP,11039,0,11039
"Cardin, Ben",Shelter Group,11400,0,11400
"Cardin, Ben",ESOP Assn,11500,11500,0
"Cardin, Ben","Buchanan, Ingersoll & Rooney",11500,3500,8000
"Cardin, Ben",Laureate Education,11550,0,11550
"Cardin, Ben",Franklin Morris & Assoc,11600,0,11600
"Cardin, Ben",Equipment Leasing & Finance Assn,12000,12000,0
"Cardin, Ben",League of Conservation Voters,12033,12033,0
"Cardin, Ben",Pfizer Inc,12500,12500,0
"Cardin, Ben",American Orthotic & Prosthetic Assn,12874,10000,2874
"Cardin, Ben",Liberty Partners Group,13000,0,13000
"Cardin, Ben",CVS Health,13200,9500,3700
"Cardin, Ben",HBJ Investments,13500,0,13500
"Cardin, Ben","Akin, Gump et al",13718,3968,9750
"Cardin, Ben",Michael Companies,14000,0,14000
"Cardin, Ben",Comtech TeleCommunications,14000,14000,0
"Cardin, Ben",American Speech-Language-Hearing Assn,14000,14000,0
"Cardin, Ben",American Institute of CPAs,14500,14500,0
"Cardin, Ben",Ernst & Young,14700,8000,6700
"Cardin, Ben",Genesis HealthCare,14750,12500,2250
"Cardin, Ben",Fraternity & Sorority PAC,11000,11000,0
"Cardin, Ben",Teamsters Union,15000,15000,0
"Cardin, Ben",Major League Baseball Commissioner's Ofc,11000,11000,0
"Cardin, Ben",New York Life Insurance,11000,11000,0
"Cardin, Ben",BlackRock Inc,10000,10000,0
"Cardin, Ben",Bi-County PAC,10000,10000,0
"Cardin, Ben",Amgen Inc,10000,10000,0
"Cardin, Ben",American Federation of Teachers,10000,10000,0
"Cardin, Ben",American Federation of Government Employees,10000,10000,0
"Cardin, Ben",American Council of Life Insurers,10000,10000,0
"Cardin, Ben",American Assn of Nurse Practitioners,10000,10000,0
"Cardin, Ben",American Academy of Pediatric Dentistry,10000,10000,0
"Cardin, Ben",America Works,10000,10000,0
"Cardin, Ben",Boeing Co,10025,10000,25
"Cardin, Ben",AT&T Inc,10250,9500,750
"Cardin, Ben",Triumvirate Environmental,10800,0,10800
"Cardin, Ben",T Rowe Price,10800,0,10800
"Cardin, Ben",Sinclair Broadcast Group,10800,0,10800
"Cardin, Ben",Nimeks Organics,10800,0,10800
"Cardin, Ben",Mica Corp,10800,0,10800
"Cardin, Ben",Landow & Co,10800,0,10800
"Cardin, Ben",Harvy's Car Wash,10800,0,10800
"Cardin, Ben",DISH Network,10800,0,10800
"Cardin, Ben",Chesapeake Shipbuilding,10800,0,10800
"Cardin, Ben",Renal Physicians Assn,11000,11000,0
"Cardin, Ben",Marine Engineers Beneficial Assn,11000,11000,0
"Cardin, Ben",NorPAC,47200,0,47200
"Cardin, Ben",National Assn of Letter Carriers,15000,15000,0
"Cardin, Ben",American Academy of Family Physicians,15000,15000,0
"Cardin, Ben",Deloitte LLP,21510,20000,1510
"Cardin, Ben",Northwestern Mutual Life Insurance,22250,21000,1250
"Cardin, Ben",Delaware Valley Urology,22250,0,22250
"Cardin, Ben",Pakistani American Public Affairs Cmte,22500,17750,4750
"Cardin, Ben",American Seniors Housing Assn,22500,22500,0
"Cardin, Ben",Honeywell International,23100,22500,600
"Cardin, Ben",American Hospital Assn,24500,24000,500
"Cardin, Ben",Guardian Life Insurance,24750,11000,13750
"Cardin, Ben","Sheet Metal, Air, Rail & Transportation Union",25000,25000,0
"Cardin, Ben",RTX Corp,25000,25000,0
"Cardin, Ben",Fidelity Investments,26000,25000,1000
"Cardin, Ben",Comcast Corp,26500,26500,0
"Cardin, Ben",Metlife Inc,27500,26500,1000
"Cardin, Ben",Massachusetts Mutual Life Insurance,29500,24500,5000
"Cardin, Ben",American College of Radiology,30000,30000,0
"Cardin, Ben",United Parcel Service,31000,31000,0
"Cardin, Ben",American College of Emergency Physicians,36000,36000,0
"Cardin, Ben",National Assn of Realtors,37500,37500,0
"Cardin, Ben",Exelon Corp,39500,38500,1000
"Cardin, Ben",International Brotherhood of Electrical Workers,40000,40000,0
"Cardin, Ben",National Assn of Real Estate Investment Trusts,43900,39500,4400
"Cardin, Ben",Apollo Global Management,21200,3000,18200
"Cardin, Ben",American Hotel & Lodging Assn,15000,15000,0
"Cardin, Ben",Wine & Spirits Wholesalers of America,20500,20500,0
"Cardin, Ben",American Assn for Justice,20000,20000,0
"Cardin, Ben",Bayada Home Health Care,15050,15050,0
"Cardin, Ben",American Soc/Pension Prof & Actuaries,15500,15500,0
"Cardin, Ben",Fresenius Medical Care North America,16000,16000,0
"Cardin, Ben",American Society of Anesthesiologists,16000,16000,0
"Cardin, Ben",AstraZeneca Pharmaceuticals,16500,16500,0
"Cardin, Ben",Pacific Life Insurance,17000,16000,1000
"Cardin, Ben",TransAmerica,17200,14500,2700
"Cardin, Ben",Discovery Inc,17200,0,17200
"Cardin, Ben",American Health Care Assn,17250,16000,1250
"Cardin, Ben",National Beer Wholesalers Assn,17500,17500,0
"Cardin, Ben",McKesson Corp,17500,17500,0
"Cardin, Ben",Marriott International,17500,12500,5000
"Cardin, Ben",National Multifamily Housing Council,18500,18500,0
"Cardin, Ben",National Air Traffic Controllers Assn,18500,18500,0
"Cardin, Ben",General Motors,18500,18500,0
"Cardin, Ben",American Dental Assn,18500,18500,0
"Cardin, Ben",Kidney Care Partners,19000,19000,0
"Cardin, Ben","Brownstein, Hyatt et al",19100,6000,13100
"Cardin, Ben",Prudential Financial,19500,19500,0
"Cardin, Ben",Select Medical Corp,20000,10000,10000
"Cardin, Ben",American Psychiatric Assn,20000,20000,0
"Cardin, Ben",Google Inc,20006,20000,6
"Cardin, Ben",Lockheed Martin,48700,25000,23700
"Carper, Tom",AFLAC Inc,25000,25000,0
"Carper, Tom",Hartford Financial Services,14000,14000,0
"Carper, Tom",New York Life Insurance,34000,27500,6500
"Carper, Tom",Pfizer Inc,34000,29000,5000
"Carper, Tom",Ernst & Young,33272,33000,272
"Carper, Tom",Sanofi,32900,27500,5400
"Carper, Tom",American Institute of CPAs,32500,32500,0
"Carper, Tom",Independent Community Bankers of America,32307,32000,307
"Carper, Tom",American Health Care Assn,32218,32000,218
"Carper, Tom",AT&T Inc,31045,31000,45
"Carper, Tom","Kleiner, Perkins et al",30900,0,30900
"Carper, Tom",FedEx Corp,30670,30000,670
"Carper, Tom",eHealth Inc,30200,21000,9200
"Carper, Tom",American Council of Engineering Cos,30000,30000,0
"Carper, Tom",Mortgage Bankers Assn,30000,30000,0
"Carper, Tom",AbbVie Inc,29000,29000,0
"Carper, Tom",Northrop Grumman,29000,28500,500
"Carper, Tom",Capital Group Companies,28500,28500,0
"Carper, Tom",Hallmark Cards,28500,9000,19500
"Carper, Tom",America's Credit Unions,28000,28000,0
"Carper, Tom",American Bankers Assn,27500,27500,0
"Carper, Tom",Discover Financial Services,27185,8680,18505
"Carper, Tom",Bank of America,27167,24000,3167
"Carper, Tom",National Assn of Realtors,34000,34000,0
"Carper, Tom",Blackstone Group,27000,5000,22000
"Carper, Tom",PG&E Corp,35000,35000,0
"Carper, Tom",Investment Co Institute,35000,35000,0
"Carper, Tom",Blackrock Funds Services Group,13500,13500,0
"Carper, Tom",MetLife Inc,74200,25000,49200
"Carper, Tom",Blue Cross/Blue Shield,62900,51500,11400
"Carper, Tom",Goldman Sachs,58725,40000,18725
"Carper, Tom",Democracy Engine,51249,0,51249
"Carper, Tom",Merck & Co,50655,37500,13155
"Carper, Tom",JPMorgan Chase & Co,48875,35000,13875
"Carper, Tom",AstraZeneca Pharmaceuticals,46100,45000,1100
"Carper, Tom",Visa Inc,45900,32500,13400
"Carper, Tom",Amgen Inc,44900,39500,5400
"Carper, Tom",DuPont Co,41293,13000,28293
"Carper, Tom",United Parcel Service,41250,41000,250
"Carper, Tom",Deloitte LLP,40000,40000,0
"Carper, Tom",Honeywell International,40000,40000,0
"Carper, Tom",National Multifamily Housing Council,40000,40000,0
"Carper, Tom",American Seniors Housing Assn,38000,38000,0
"Carper, Tom",Google Inc,38000,38000,0
"Carper, Tom",National Assn of Real Estate Investment Trusts,37500,37500,0
"Carper, Tom",UBS Americas,37500,37500,0
"Carper, Tom",USAA,37500,37500,0
"Carper, Tom",Comcast Corp,35000,35000,0
"Carper, Tom",Operating Engineers Union,35000,35000,0
"Carper, Tom",Consumer Bankers Assn,26000,26000,0
"Carper, Tom",Exelon Corp,34941,32500,2441
"Carper, Tom",National Beer Wholesalers Assn,25000,25000,0
"Carper, Tom",College of American Pathologists,17000,17000,0
"Carper, Tom",Lockheed Martin,17000,17000,0
"Carper, Tom",PricewaterhouseCoopers,17000,17000,0
"Carper, Tom",Amazon.com,16815,16500,315
"Carper, Tom",National Assn of Letter Carriers,16500,16500,0
"Carper, Tom",Ashland Inc,16400,12000,4400
"Carper, Tom",General Motors,16031,16000,31
"Carper, Tom","Young, Conaway et al",15800,0,15800
"Carper, Tom",Marsh & McLennan,15500,15500,0
"Carper, Tom",NCTA The Internet & Television Assn,15500,15500,0
"Carper, Tom",California Dairies Inc,17500,17500,0
"Carper, Tom",Aetna Inc,15000,15000,0
"Carper, Tom",BNSF Railway,15000,15000,0
"Carper, Tom",Credit Suisse Securities,15000,15000,0
"Carper, Tom",National Apartment Assn,15000,15000,0
"Carper, Tom",Sunovion Pharmaceuticals,15000,15000,0
"Carper, Tom",US Acute Care Solutions,15000,5000,10000
"Carper, Tom",Dominion Energy,14500,14500,0
"Carper, Tom",FMR Corp,14500,14500,0
"Carper, Tom",Wells Fargo,14270,10000,4270
"Carper, Tom",Electronic Transactions Assn,14000,14000,0
"Carper, Tom",PNC Financial Services,25685,25500,185
"Carper, Tom",American Chemistry Council,15000,15000,0
"Carper, Tom",AmerisourceBergen Corp,17500,17500,0
"Carper, Tom",Growth Energy,14000,14000,0
"Carper, Tom",American Trucking Assns,17500,16500,1000
"Carper, Tom",Microsoft Corp,23100,23000,100
"Carper, Tom",Walmart Inc,23000,23000,0
"Carper, Tom",BASF Corp,22710,22500,210
"Carper, Tom",Sallie Mae,22700,22700,0
"Carper, Tom",CSX Corp,22500,22500,0
"Carper, Tom",Bristol-Myers Squibb,22200,19700,2500
"Carper, Tom",Entergy Corp,22000,22000,0
"Carper, Tom",Finseca,22000,22000,0
"Carper, Tom",American Express,21000,21000,0
"Carper, Tom",Loews Corp,20700,12500,8200
"Carper, Tom",Eli Lilly & Co,23700,21000,2700
"Carper, Tom","Akin, Gump et al",20500,3250,17250
"Carper, Tom",Capital One Financial,20013,20000,13
"Carper, Tom",Holland & Knight,20000,16000,4000
"Carper, Tom",Calpine Corp,19500,19500,0
"Carper, Tom",Massachusetts Mutual Life Insurance,19500,19500,0
"Carper, Tom","National Stone, Sand & Gravel Assn",19500,19500,0
"Carper, Tom",Bowles & Co,18300,0,18300
"Carper, Tom",International Paper,18000,18000,0
"Carper, Tom",League of Conservation Voters,17900,12500,5400
"Carper, Tom",American Hotel & Lodging Assn,17500,17500,0
"Carper, Tom","Welsh, Carson et al",20600,0,20600
"Casey, Bob",Carnegie Mellon University,37528,0,37528
"Casey, Bob","Sheet Metal, Air, Rail & Transportation Union",37000,37000,0
"Casey, Bob",American Assn for Justice,36750,35000,1750
"Casey, Bob",Cigna Corp,36586,27500,9086
"Casey, Bob",Kirkland & Ellis,35120,0,35120
"Casey, Bob","Eckert, Seamans et al",35775,0,35775
"Casey, Bob",Cooney & Conway,35400,0,35400
"Casey, Bob",Penn Medicine,35138,0,35138
"Casey, Bob",Fox Rothschild LLP,37769,4700,33069
"Casey, Bob",FS Investments,35900,10900,25000
"Casey, Bob",Lenahan & Dempsey,37863,0,37863
"Casey, Bob",Honeywell International,38588,35000,3588
"Casey, Bob",Holt Logistics,37900,0,37900
"Casey, Bob",AT&T Inc,37902,10500,27402
"Casey, Bob",Toll Brothers Inc,38420,5000,33420
"Casey, Bob",Pfizer Inc,38701,36000,2701
"Casey, Bob",Ernst & Young,39130,37500,1630
"Casey, Bob",Day & Zimmermann,39338,8000,31338
"Casey, Bob",Amazon.com,39640,25000,14640
"Casey, Bob",Brandywine Realty Trust,39850,0,39850
"Casey, Bob","Cohen, Placitella & Roth",35100,0,35100
"Casey, Bob",Humana Inc,40025,40000,25
"Casey, Bob",Senior Care Pharmacy Coalition,37865,27500,10365
"Casey, Bob",Guardian Life Insurance,34410,5000,29410
"Casey, Bob",Rudin Management,32400,0,32400
"Casey, Bob",Lehigh Valley Technologies,33600,0,33600
"Casey, Bob",Drexel University,30936,0,30936
"Casey, Bob",IBM Corp,31325,0,31325
"Casey, Bob",Nationwide,31425,10000,21425
"Casey, Bob",American Seniors Housing Assn,31500,31500,0
"Casey, Bob",Air Line Pilots Assn,31500,31500,0
"Casey, Bob",Sutherland Capital Management,31600,0,31600
"Casey, Bob","Myers, Brier & Kelly",31651,0,31651
"Casey, Bob",Novocure Inc,31800,13000,18800
"Casey, Bob",Stevens & Lee,31850,0,31850
"Casey, Bob",Children's Hospital of Philadelphia,31852,0,31852
"Casey, Bob",PPL Corp,34359,16000,18359
"Casey, Bob",Raynes McCarty,32015,0,32015
"Casey, Bob",International Brotherhood of Electrical Workers,32358,31000,1358
"Casey, Bob",Capitol Counsel,40115,0,40115
"Casey, Bob",DreamWorks SKG,32400,0,32400
"Casey, Bob",Bad Robot Productions,32400,0,32400
"Casey, Bob",Select Medical Holdings,32500,22500,10000
"Casey, Bob",National Assn of Realtors,32500,32500,0
"Casey, Bob",PricewaterhouseCoopers,32597,29000,3597
"Casey, Bob",Piasecki Aircraft,32600,0,32600
"Casey, Bob",Sullivan & Cromwell,33500,0,33500
"Casey, Bob",National Assn of Broadcasters,33500,13500,20000
"Casey, Bob",Fidelity Investments,32100,14500,17600
"Casey, Bob",Dechert Llp,40160,0,40160
"Casey, Bob",University of Pennsylvania,216298,0,216298
"Casey, Bob",Dilworth Paxson LLP,40505,0,40505
"Casey, Bob",Berger & Montague,62775,0,62775
"Casey, Bob","Edgar, Snyder & Assoc",62855,0,62855
"Casey, Bob",Commonwealth of Pennsylvania,63058,0,63058
"Casey, Bob",Duane Morris LLP,65645,7400,58245
"Casey, Bob",Rite Aid Corp,67025,9500,57525
"Casey, Bob",Ross Feller Casey LLP,73325,0,73325
"Casey, Bob",Ballard Spahr Llp,76153,1000,75153
"Casey, Bob",League of Conservation Voters,81269,13996,67273
"Casey, Bob",Johnson & Johnson,40331,25500,14831
"Casey, Bob",Pride Mobility Products,84450,19000,65450
"Casey, Bob","Buchanan, Ingersoll & Rooney",92522,7042,85480
"Casey, Bob",Merck & Co,99768,34500,65268
"Casey, Bob",Reed Smith LLP,100635,10000,90635
"Casey, Bob",Blue Cross/Blue Shield,113545,36000,77545
"Casey, Bob",University of Pittsburgh,120121,0,120121
"Casey, Bob",Air Products & Chemicals Inc,128335,20000,108335
"Casey, Bob","Kessler, Topaz et al",134552,0,134552
"Casey, Bob",Exelon Corp,138231,16500,121731
"Casey, Bob",UPMC Health System,166903,0,166903
"Casey, Bob",Blank Rome LLP,169001,7500,161501
"Casey, Bob",Comcast Corp,174063,40000,134063
"Casey, Bob",Carlyle Group,61600,0,61600
"Casey, Bob","Akin, Gump et al",58256,5302,52954
"Casey, Bob",Cozen O'Connor,81750,19500,62250
"Casey, Bob",Apollo Global Management,57158,4000,53158
"Casey, Bob","Goldberg, Persky & White",40850,0,40850
"Casey, Bob",K&L Gates,57250,7000,50250
"Casey, Bob",Geisinger Health Systems,41318,0,41318
"Casey, Bob",Anapol Weiss,41400,0,41400
"Casey, Bob",Pepper Hamilton LLP,41415,3000,38415
"Casey, Bob",National Assn of Real Estate Investment Trusts,41500,37500,4000
"Casey, Bob",Laborers Union,42450,30000,12450
"Casey, Bob",Eli Lilly & Co,43825,17000,26825
"Casey, Bob",Jefferson Health System,44710,0,44710
"Casey, Bob",KPMG LLP,45750,40500,5250
"Casey, Bob","Lieff, Cabraser et al",45840,0,45840
"Casey, Bob",Grant & Eisenhofer,42800,0,42800
"Casey, Bob",NorPAC,50640,0,50640
"Casey, Bob",Boeing Co,50047,10000,40047
"Casey, Bob",Penn State University,55789,0,55789
"Casey, Bob",University of Pennsylvania Health System,55576,5700,49876
"Casey, Bob",Temple University,55432,0,55432
"Casey, Bob",Sony Corp,55036,2500,52536
"Casey, Bob",Deloitte LLP,57004,35000,22004
"Casey, Bob",UBS AG,52500,35000,17500
"Casey, Bob",Democracy Engine,52035,0,52035
"Casey, Bob",United Food & Commercial Workers Union,51625,17000,34625
"Casey, Bob",Morgan Lewis LLP,53275,0,53275
"Cassidy, Bill",United Parcel Service,32620,32500,120
"Cassidy, Bill",American Academy of Dermatology Assn,36000,36000,0
"Cassidy, Bill",Atco Investment,35100,0,35100
"Cassidy, Bill",National Assn of Realtors,35000,35000,0
"Cassidy, Bill",Roche Holdings,35000,30000,5000
"Cassidy, Bill",Valero Energy,35000,32500,2500
"Cassidy, Bill",Southern Brain & Spine,34300,0,34300
"Cassidy, Bill",Honeywell International,34155,34000,155
"Cassidy, Bill",Woodbranch Investments,32700,0,32700
"Cassidy, Bill",American Society of Anesthesiologists,32500,32500,0
"Cassidy, Bill",Northrop Grumman,29765,29500,265
"Cassidy, Bill",McKesson Corp,32500,25000,7500
"Cassidy, Bill",Viemed,31875,0,31875
"Cassidy, Bill",Civic Service Inc,31200,0,31200
"Cassidy, Bill",Premier Inc,31025,7500,23525
"Cassidy, Bill",1st Financial Bank USA,30800,0,30800
"Cassidy, Bill",GBX Group,30500,0,30500
"Cassidy, Bill",Arkansas Urology,30000,0,30000
"Cassidy, Bill",Charter Communications,30000,30000,0
"Cassidy, Bill",Union Pacific Corp,30000,30000,0
"Cassidy, Bill",Amgen Inc,32500,32500,0
"Cassidy, Bill",Cajun Industries,38950,0,38950
"Cassidy, Bill",AbbVie Inc,62752,42500,20252
"Cassidy, Bill",American Society of Interventional Pain Physicians,40000,40000,0
"Cassidy, Bill",Matilda Stream Management,29500,0,29500
"Cassidy, Bill",NorPAC,59200,0,59200
"Cassidy, Bill",KKR & Co,57645,13000,44645
"Cassidy, Bill",B&G Food Enterprises,56135,0,56135
"Cassidy, Bill",Jones Walker LLP,52525,29500,23025
"Cassidy, Bill",Amedisys Inc,50275,30000,20275
"Cassidy, Bill","Welsh, Carson et al",49700,0,49700
"Cassidy, Bill",Neurological Surgery Pc,49600,0,49600
"Cassidy, Bill",Morris & Dickson,47600,0,47600
"Cassidy, Bill",Berkshire Hathaway,46225,9000,37225
"Cassidy, Bill",UnitedHealth Group,46220,30000,16220
"Cassidy, Bill",Clearpath Foundation,45398,0,45398
"Cassidy, Bill",Bollinger Shipyards,45000,0,45000
"Cassidy, Bill",National Republican Senatorial Cmte,44602,44600,2
"Cassidy, Bill",Entergy Corp,44590,27000,17590
"Cassidy, Bill",Adams & Reese,44250,33500,10750
"Cassidy, Bill",Blackstone Group,43375,1000,42375
"Cassidy, Bill",McNa Dental Plans,42300,0,42300
"Cassidy, Bill",Wampold Companies,41950,0,41950
"Cassidy, Bill",Fresenius Medical Care,40059,30000,10059
"Cassidy, Bill",American College of Emergency Physicians,40000,40000,0
"Cassidy, Bill",DaVita Inc,40000,34000,6000
"Cassidy, Bill",Centene Corp,28650,14500,14150
"Cassidy, Bill",Performance Contractors Inc,23900,0,23900
"Cassidy, Bill",Humana Inc,28580,28500,80
"Cassidy, Bill",Metro Aviation Inc,22425,0,22425
"Cassidy, Bill",Johnson & Johnson,22300,19500,2800
"Cassidy, Bill",American College of Cardiology,22000,22000,0
"Cassidy, Bill",Harvey Gulf International Marine,21800,0,21800
"Cassidy, Bill",Hercules Transport,21800,0,21800
"Cassidy, Bill",Madden Contracting,21600,0,21600
"Cassidy, Bill",Sher Garner Law Firm,21600,0,21600
"Cassidy, Bill",Phi Inc,21210,0,21210
"Cassidy, Bill",American Academy of Family Physicians,21000,20000,1000
"Cassidy, Bill",Cox Enterprises,21000,16000,5000
"Cassidy, Bill",Picard Group,20900,0,20900
"Cassidy, Bill",Greater New York Hospital Assn,20800,0,20800
"Cassidy, Bill",Laitram Llc,20800,0,20800
"Cassidy, Bill",Murphy Oil,20800,7500,13300
"Cassidy, Bill",Enterprise Holdings,20600,15000,5600
"Cassidy, Bill",Vertex Pharmaceuticals,20600,11500,9100
"Cassidy, Bill",Stonehenge Capital Co,20544,0,20544
"Cassidy, Bill",Comcast Corp,20500,20500,0
"Cassidy, Bill",American Chemistry Council,20000,19500,500
"Cassidy, Bill",American Dental Assn,20000,20000,0
"Cassidy, Bill",Dan Shapiro,20000,0,20000
"Cassidy, Bill",National Beer Wholesalers Assn,22500,22500,0
"Cassidy, Bill",American Medical Assn,22575,22500,75
"Cassidy, Bill",Republic Finance,22600,0,22600
"Cassidy, Bill",Blue Cross/Blue Shield,23035,19500,3535
"Cassidy, Bill",Tellurian Inc,28500,6000,22500
"Cassidy, Bill",Woodlawn Investments,28200,0,28200
"Cassidy, Bill",Pfizer Inc,26575,24500,2075
"Cassidy, Bill",American Assn of Orthopaedic Surgeons,26500,26500,0
"Cassidy, Bill",Corporate Capital LLC,26400,0,26400
"Cassidy, Bill",American Hospital Assn,26000,26000,0
"Cassidy, Bill",Magnolia Marketing,25800,0,25800
"Cassidy, Bill",American Academy of Ophthalmology,25500,25500,0
"Cassidy, Bill",American College of Radiology,25500,25500,0
"Cassidy, Bill",Franks Petroleum,25400,0,25400
"Cassidy, Bill",Citizens for Prosperity in America Today,28650,10000,18650
"Cassidy, Bill",ISC Constructors,25200,0,25200
"Cassidy, Bill",New York Life Insurance,25025,25000,25
"Cassidy, Bill",Altria Group,25010,25000,10
"Cassidy, Bill",Deloitte LLP,25010,25000,10
"Cassidy, Bill",American Optometric Assn,25000,24000,1000
"Cassidy, Bill",National Assn of Real Estate Investment Trusts,25000,25000,0
"Cassidy, Bill",American Assn of Neurological Surgeons,24500,24500,0
"Cassidy, Bill",American Psychiatric Assn,24500,24500,0
"Cassidy, Bill",Lumen Technologies,24145,21000,3145
"Cassidy, Bill",BGR Group,24000,1500,22500
"Cassidy, Bill",Edison Chouest Offshore,66400,0,66400
"Cassidy, Bill",Cigna Corp,25060,25000,60
"Cassidy, Bill",Acadian Companies,91850,15000,76850
"Cassidy, Bill",Woodvine Group,37400,0,37400
"Cassidy, Bill",Ochsner Health System,122840,0,122840
"Collins, Susan",Votesane PAC,117575,0,117575
"Collins, Susan",American Bankers Assn,21000,20000,1000
"Collins, Susan",Tuttle-Click Automotive Group,21200,0,21200
"Collins, Susan",TGS Management,21200,0,21200
"Collins, Susan",Great Point Partners,21200,0,21200
"Collins, Susan",Clearpath Foundation,21200,0,21200
"Collins, Susan",Humana Inc,21258,21000,258
"Collins, Susan",Kasowitz Benson Torres LLP,21300,0,21300
"Collins, Susan",Experian,21300,10000,11300
"Collins, Susan",New Balance Athletics,21350,0,21350
"Collins, Susan",Pinnacle West Capital,21375,10000,11375
"Collins, Susan",Cohen Group,21400,0,21400
"Collins, Susan",Bank of America,21534,11000,10534
"Collins, Susan",Centene Corp,21699,16000,5699
"Collins, Susan",Beztak Companies,21800,0,21800
"Collins, Susan",Affiliated Managers Group,21800,0,21800
"Collins, Susan",American Trucking Assns,22000,20000,2000
"Collins, Susan",Air Line Pilots Assn,22000,22000,0
"Collins, Susan",Pilot Corp,22400,0,22400
"Collins, Susan",Ashley Furniture,22400,0,22400
"Collins, Susan",Amscot Financial,22400,0,22400
"Collins, Susan",American College of Emergency Physicians,22500,22500,0
"Collins, Susan",American Physical Therapy Assn,21000,21000,0
"Collins, Susan",Bernard Marcus Family Foundation,20800,0,20800
"Collins, Susan",Indigo Partners,20800,0,20800
"Collins, Susan",Leach Capital,20800,0,20800
"Collins, Susan",General Electric,17995,16000,1995
"Collins, Susan",National Air Traffic Controllers Assn,18000,18000,0
"Collins, Susan",Delta Air Lines,18197,13500,4697
"Collins, Susan",Moore Capital Management,18200,0,18200
"Collins, Susan",Renaissance Technologies,18300,0,18300
"Collins, Susan",Allen & Co,18400,0,18400
"Collins, Susan",Genworth Financial,18450,8000,10450
"Collins, Susan",Facebook Inc,18598,7000,11598
"Collins, Susan",Van Scoyoc Assoc,18600,0,18600
"Collins, Susan",Walmart Inc,19360,16000,3360
"Collins, Susan",American Council of Life Insurers,19600,10000,9600
"Collins, Susan",Penske Corp,19950,0,19950
"Collins, Susan",National Assn of Realtors,20025,20000,25
"Collins, Susan",Holland & Knight,20025,8500,11525
"Collins, Susan",American Property Casualty Insurance Assn,20200,17500,2700
"Collins, Susan",Kirby Corp,20500,7500,13000
"Collins, Susan",PricewaterhouseCoopers,20518,15000,5518
"Collins, Susan",General Motors,20554,19000,1554
"Collins, Susan",GoldenTree Asset Management,20600,0,20600
"Collins, Susan",Encompass Health,20730,10000,10730
"Collins, Susan",Oberndorf Enterprises,20800,0,20800
"Collins, Susan",United Parcel Service,22563,20000,2563
"Collins, Susan",American Hospital Assn,22750,18500,4250
"Collins, Susan",Enterprise Holdings,17915,15000,2915
"Collins, Susan",RTX Corp,23232,21500,1732
"Collins, Susan","Welsh, Carson et al",36200,0,36200
"Collins, Susan",Charter Communications,37425,25000,12425
"Collins, Susan",International Paper,37845,35000,2845
"Collins, Susan","Gibson, Dunn & Crutcher",37881,6250,31631
"Collins, Susan",Sullivan & Cromwell,39848,0,39848
"Collins, Susan",Mortgage Bankers Assn,40000,40000,0
"Collins, Susan",Union Pacific Corp,40333,37500,2833
"Collins, Susan",Deloitte LLP,41333,40000,1333
"Collins, Susan",Honeywell International,42260,40000,2260
"Collins, Susan",KKR & Co,43148,5000,38148
"Collins, Susan",Raytheon Technologies,35822,21000,14822
"Collins, Susan",Elliott Management,44000,0,44000
"Collins, Susan",Northrop Grumman,44755,35000,9755
"Collins, Susan",Lockheed Martin,49382,40000,9382
"Collins, Susan",National Assn of Broadcasters,49500,19500,30000
"Collins, Susan",Goldman Sachs,52175,5000,47175
"Collins, Susan",Republican Jewish Coalition,62067,5000,57067
"Collins, Susan",Blue Cross/Blue Shield,63711,34500,29211
"Collins, Susan",FedEx Corp,64860,39000,25860
"Collins, Susan",General Dynamics,72103,35000,37103
"Collins, Susan",Neuberger Berman LLC,22800,0,22800
"Collins, Susan",Blackstone Group,87821,0,87821
"Collins, Susan",National Republican Senatorial Cmte,44649,44600,49
"Collins, Susan",McNa Dental Plans,35600,0,35600
"Collins, Susan",Anthem Inc,23405,18500,4905
"Collins, Susan",National Multifamily Housing Council,35000,35000,0
"Collins, Susan",American Seniors Housing Assn,35000,35000,0
"Collins, Susan",Ernst & Young,23940,20000,3940
"Collins, Susan",Kirkland & Ellis,23400,0,23400
"Collins, Susan",Abbott Laboratories,23986,23000,986
"Collins, Susan",Yancey Brothers,24000,0,24000
"Collins, Susan",Home Depot,24868,20000,4868
"Collins, Susan",Argentum,25000,25000,0
"Collins, Susan",BAE Systems,25838,25000,838
"Collins, Susan",American Hotel & Lodging Assn,26000,26000,0
"Collins, Susan",National Assn of Home Builders,27500,27500,0
"Collins, Susan",Huntington Ingalls Industries,27546,25000,2546
"Collins, Susan",Morgan Stanley,25133,7500,17633
"Collins, Susan",Corning Inc,28395,28000,395
"Collins, Susan",Berkshire Hathaway,34523,31000,3523
"Collins, Susan",NorPAC,27850,0,27850
"Collins, Susan",Massachusetts Mutual Life Insurance,31675,31500,175
"Collins, Susan",Unum Group,31365,20000,11365
"Collins, Susan",Hunt Consolidated,30200,0,30200
"Collins, Susan",American Dental Assn,32500,32500,0
"Collins, Susan",Senior Star,29900,0,29900
"Collins, Susan",Comcast Corp,28841,22500,6341
"Collins, Susan",Stephens Inc,28700,5000,23700
"Collins, Susan",Automotive Free International Trade PAC,30000,30000,0
"Coons, Chris",AstraZeneca PLC,33140,32500,640
"Coons, Chris",UBS AG,35045,35000,45
"Coons, Chris",Mortgage Bankers Assn,35000,35000,0
"Coons, Chris",National Chicken Council,35000,35000,0
"Coons, Chris",NCTA The Internet & Television Assn,35000,35000,0
"Coons, Chris",Intellectual Ventures LLC,34500,29500,5000
"Coons, Chris",Capital Group Companies,33800,22500,11300
"Coons, Chris",Deloitte LLP,33653,32500,1153
"Coons, Chris",DISH Network,33500,20500,13000
"Coons, Chris",American Bankers Assn,32750,32500,250
"Coons, Chris",Union Pacific Corp,30000,30000,0
"Coons, Chris",CSX Corp,32500,32500,0
"Coons, Chris",Lockheed Martin,32000,31000,1000
"Coons, Chris",Democracy Engine,31500,0,31500
"Coons, Chris",Ernst & Young,31050,30000,1050
"Coons, Chris",Cigna Corp,30068,30000,68
"Coons, Chris",American Assn for Justice,30025,30000,25
"Coons, Chris",American Hotel & Lodging Assn,30000,30000,0
"Coons, Chris",National Rural Electric Cooperative Assn,30000,30000,0
"Coons, Chris",Bank of America,35255,32000,3255
"Coons, Chris",Charter Communications,32500,32500,0
"Coons, Chris",JPMorgan Chase & Co,36343,27500,8843
"Coons, Chris",DuPont Co,42152,11500,30652
"Coons, Chris","Paul, Weiss et al",36600,0,36600
"Coons, Chris","Young, Conaway et al",103725,0,103725
"Coons, Chris",Apollo Global Management,79605,0,79605
"Coons, Chris",Amgen Inc,78500,40000,38500
"Coons, Chris",InterDigital Inc,72812,39800,33012
"Coons, Chris",Comcast Corp,61014,40000,21014
"Coons, Chris",Microsoft Corp,57728,40000,17728
"Coons, Chris",Jane Street Capital,54100,0,54100
"Coons, Chris",Goldman Sachs,50100,35000,15100
"Coons, Chris",Merck & Co,46125,40000,6125
"Coons, Chris",Pfizer Inc,45055,40000,5055
"Coons, Chris",Google Inc,36521,24500,12021
"Coons, Chris",WL Gore & Assoc,43108,0,43108
"Coons, Chris",K&L Gates,29805,8000,21805
"Coons, Chris",Bristol-Myers Squibb,42025,39500,2525
"Coons, Chris",Blue Cross/Blue Shield,40745,38000,2745
"Coons, Chris",United Parcel Service,40458,40000,458
"Coons, Chris",AbbVie Inc,40005,40000,5
"Coons, Chris",Sallie Mae,40000,40000,0
"Coons, Chris",Wirtz Corp,38000,0,38000
"Coons, Chris",Honeywell International,37502,37500,2
"Coons, Chris",Norfolk Southern,37500,37500,0
"Coons, Chris",AT&T Inc,36658,26000,10658
"Coons, Chris",National Assn of Broadcasters,42750,37500,5250
"Coons, Chris",Walt Disney Co,28725,13000,15725
"Coons, Chris",Discover Financial Services,24600,10000,14600
"Coons, Chris",Centerview Partners,28000,0,28000
"Coons, Chris",Blackstone Group,20901,0,20901
"Coons, Chris",Barclays,20805,10000,10805
"Coons, Chris",Highfields Capital Management,20800,0,20800
"Coons, Chris",Lauder Partners,20800,0,20800
"Coons, Chris",Citigroup Inc,20630,16500,4130
"Coons, Chris",Verizon Communications,20583,20000,583
"Coons, Chris",Independent Community Bankers of America,20500,20500,0
"Coons, Chris","Brownstein, Hyatt et al",20100,6000,14100
"Coons, Chris",American Seniors Housing Assn,20000,20000,0
"Coons, Chris",National Assn of Letter Carriers,20000,20000,0
"Coons, Chris",Laborers Union,21000,20000,1000
"Coons, Chris",National Multifamily Housing Council,20000,20000,0
"Coons, Chris",Sullivan & Cromwell,19800,0,19800
"Coons, Chris","Kleiner, Perkins et al",19400,0,19400
"Coons, Chris",Lpt Partners LLC,19400,0,19400
"Coons, Chris",Buccini/Pollin Group,19000,0,19000
"Coons, Chris",National Air Traffic Controllers Assn,19000,19000,0
"Coons, Chris",USAA,19000,17500,1500
"Coons, Chris",Visa Inc,19000,18500,500
"Coons, Chris",Condo Roccia Koptiw Llp,18500,0,18500
"Coons, Chris",Alston & Bird,18000,13500,4500
"Coons, Chris",American Institute of CPAs,18000,18000,0
"Coons, Chris",National Venture Capital Assn,20000,20000,0
"Coons, Chris",Bill & Melinda Gates Foundation,28300,0,28300
"Coons, Chris",Gfp Real Estate,21100,0,21100
"Coons, Chris",Navient Corp,21500,16000,5500
"Coons, Chris",National Assn of Realtors,27508,25000,2508
"Coons, Chris",Qualcomm Inc,27400,16000,11400
"Coons, Chris",Covington & Burling,27350,20000,7350
"Coons, Chris",TD Bank USA,27210,12000,15210
"Coons, Chris",Biogen,26000,18500,7500
"Coons, Chris","Akin, Gump et al",25850,2750,23100
"Coons, Chris",Weiss Asset Management,25800,0,25800
"Coons, Chris",alliantgroup,25200,0,25200
"Coons, Chris",Berkshire Hathaway,25109,24000,1109
"Coons, Chris",Grant & Eisenhofer,24000,0,24000
"Coons, Chris",Wonderful Co,21200,0,21200
"Coons, Chris",Bergman Draper Oslund,23300,0,23300
"Coons, Chris",Target Corp,23008,23000,8
"Coons, Chris",Roche Holdings,23000,20000,3000
"Coons, Chris",BASF Corp,22568,22500,68
"Coons, Chris","Morris, Nichols et al",22505,0,22505
"Coons, Chris",National Beer Wholesalers Assn,22500,22500,0
"Coons, Chris",Wine & Spirits Wholesalers of America,22500,22500,0
"Coons, Chris",Sanofi US,22300,19500,2800
"Coons, Chris",National Confectioners Assn,22000,22000,0
"Coons, Chris",AFLAC Inc,21600,16000,5600
"Coons, Chris",Data & Marketing Assn,18000,6000,12000
"Coons, Chris",PricewaterhouseCoopers,23030,22500,530
"Coons, Chris",New York Life Insurance,21513,21500,13
"Cornyn, John",Apollo Global Management,200695,8000,192695
"Cornyn, John",Berkshire Hathaway,119326,40000,79326
"Cornyn, John",Amgen Inc,38450,24000,14450
"Cornyn, John",Abbott Laboratories,38750,38000,750
"Cornyn, John",Bluff Point Assoc,38800,0,38800
"Cornyn, John",Mary Kay Inc,38820,0,38820
"Cornyn, John",Honeywell International,39006,35500,3506
"Cornyn, John",Visa Inc,39060,18000,21060
"Cornyn, John",Zachry Holdings,39300,10000,29300
"Cornyn, John",Walter Oil & Gas,39400,0,39400
"Cornyn, John",National Assn of Broadcasters,39500,35000,4500
"Cornyn, John",Citizens for Prosperity in America Today,39600,5000,34600
"Cornyn, John",Southwest Airlines,39838,11500,28338
"Cornyn, John",National Multifamily Housing Council,40000,40000,0
"Cornyn, John",National Auto Dealers Assn,40000,40000,0
"Cornyn, John",Automotive Free International Trade PAC,40000,40000,0
"Cornyn, John",American Hotel & Lodging Assn,40000,40000,0
"Cornyn, John",International Paper,40175,40000,175
"Cornyn, John",Ryan LLC,40200,15000,25200
"Cornyn, John",Union Pacific Corp,40701,40000,701
"Cornyn, John",Walmart Inc,41082,31000,10082
"Cornyn, John",Comcast Corp,41443,40000,1443
"Cornyn, John",Ernst & Young,41450,30000,11450
"Cornyn, John",Kindred Healthcare,38250,22500,15750
"Cornyn, John",National Assn of Realtors,41525,40000,1525
"Cornyn, John","Welsh, Carson et al",37800,0,37800
"Cornyn, John",Wine & Spirits Wholesalers of America,37500,37500,0
"Cornyn, John",Cavalry Asset Management,33600,0,33600
"Cornyn, John",McKesson Corp,33698,30000,3698
"Cornyn, John",Kleinheinz Capital Partners,33800,0,33800
"Cornyn, John",Reyes Holdings,33900,0,33900
"Cornyn, John",S&B Engineers & Constructors,34150,5000,29150
"Cornyn, John",Greenberg Traurig Llp,34500,15000,19500
"Cornyn, John",Harbinger Strategies,34800,0,34800
"Cornyn, John",Norton Rose Fulbright LLP,34819,8500,26319
"Cornyn, John",Sanofi US,35000,30000,5000
"Cornyn, John",NCTA The Internet & Television Assn,35000,35000,0
"Cornyn, John",Investment Co Institute,35000,35000,0
"Cornyn, John",American Dental Assn,35000,35000,0
"Cornyn, John",PNC Financial Services,35055,35000,55
"Cornyn, John",Alphabet Inc,35305,35000,305
"Cornyn, John",FedEx Corp,36193,35000,1193
"Cornyn, John",Clearpath Foundation,36200,0,36200
"Cornyn, John",Pediatrix Medical Group,36350,20000,16350
"Cornyn, John",Humana Inc,36484,35000,1484
"Cornyn, John",National Assn of Real Estate Investment Trusts,36500,35000,1500
"Cornyn, John",Sempra Energy,37275,25000,12275
"Cornyn, John",Home Depot,37460,35000,2460
"Cornyn, John",American Institute of CPAs,37500,37500,0
"Cornyn, John",Duty Free Americas,33600,0,33600
"Cornyn, John",National Assn of Home Builders,41750,40000,1750
"Cornyn, John",JPMorgan Chase & Co,50975,24500,26475
"Cornyn, John",AT&T Inc,52027,38000,14027
"Cornyn, John",USAA,52888,40000,12888
"Cornyn, John",General Atomics,53550,25000,28550
"Cornyn, John",United Airlines Holdings,54781,10000,44781
"Cornyn, John",Microsoft Corp,58288,32500,25788
"Cornyn, John",Chevron Corp,58352,12500,45852
"Cornyn, John",Lockheed Martin,58929,40000,18929
"Cornyn, John","Akin, Gump et al",63699,25937,37762
"Cornyn, John",Hunt Consolidated,63787,0,63787
"Cornyn, John",iHeartMedia Inc,63825,27500,36325
"Cornyn, John",UBS AG,64350,40000,24350
"Cornyn, John",Energy Transfer LP,65695,10000,55695
"Cornyn, John",Fresenius Medical Care,68129,25000,43129
"Cornyn, John",Bobby Cox Companies,68615,0,68615
"Cornyn, John",Marathon Petroleum,71913,52500,19413
"Cornyn, John",Occidental Petroleum,74254,37500,36754
"Cornyn, John",Blackstone Group,76780,0,76780
"Cornyn, John",Fidelity Investments,78375,40000,38375
"Cornyn, John","Paul, Weiss et al",84200,0,84200
"Cornyn, John",Dell Technologies,89786,31000,58786
"Cornyn, John",Blue Cross/Blue Shield,91380,75500,15880
"Cornyn, John",GEO Group,51600,13000,38600
"Cornyn, John",Northrop Grumman,51184,49000,2184
"Cornyn, John",KKR & Co,131540,8500,123040
"Cornyn, John",Prudential Financial,50000,50000,0
"Cornyn, John",CVS Health,42701,40000,2701
"Cornyn, John",Verizon Communications,42728,37000,5728
"Cornyn, John",Mortgage Bankers Assn,42800,40000,2800
"Cornyn, John",Pfizer Inc,43085,31500,11585
"Cornyn, John",TPG Capital,43700,0,43700
"Cornyn, John",Kirby Corp,43800,21500,22300
"Cornyn, John",UnitedHealth Group,44395,32500,11895
"Cornyn, John",National Republican Senatorial Cmte,44630,44600,30
"Cornyn, John",American Bankers Assn,44675,37500,7175
"Cornyn, John",Station Casinos,45000,0,45000
"Cornyn, John",Deloitte LLP,42558,39500,3058
"Cornyn, John",Merck & Co,45110,40000,5110
"Cornyn, John",Hunt Companies,46725,0,46725
"Cornyn, John",Capital Group Companies,46773,25000,21773
"Cornyn, John",United Parcel Service,47025,40000,7025
"Cornyn, John",Hewlett Packard Enterprise,47069,41000,6069
"Cornyn, John",NextEra Energy,47376,22500,24876
"Cornyn, John",Eli Lilly & Co,48003,35000,13003
"Cornyn, John",Altria Group,49399,40000,9399
"Cornyn, John",Goldman Sachs,49725,30000,19725
"Cornyn, John",Sewell Automotive,49750,0,49750
"Cornyn, John",Lanier Law Firm,49800,0,49800
"Cornyn, John",State of Texas,45531,0,45531
"Cotton, Tom",Amway/Alticor Inc,16800,0,16800
"Cotton, Tom",McKinsey & Co,16900,0,16900
"Cotton, Tom",McNa Dental Plans,95400,0,95400
"Cotton, Tom",Ocean Express Seafood,20800,0,20800
"Cotton, Tom",Oaklawn Jockey Club,20800,0,20800
"Cotton, Tom",Highlander Partners,20800,0,20800
"Cotton, Tom",Buckley Muething Capital Management,20800,0,20800
"Cotton, Tom",Ariel Corp,20800,0,20800
"Cotton, Tom",Crow Holdings,21000,0,21000
"Cotton, Tom",Route One Investment,21200,0,21200
"Cotton, Tom",Fairholme Capital Management,21200,0,21200
"Cotton, Tom",Dyke Industries,21200,0,21200
"Cotton, Tom",Arbiter Partners,21200,0,21200
"Cotton, Tom",PricewaterhouseCoopers,21523,17500,4023
"Cotton, Tom","Welsh, Carson et al",21600,0,21600
"Cotton, Tom",Westrock Capital Partners,21625,0,21625
"Cotton, Tom",Delphi Ventures,21800,0,21800
"Cotton, Tom",Reyes Holdings,22400,0,22400
"Cotton, Tom",Deloitte LLP,22666,22500,166
"Cotton, Tom",Keil & Goodson,22700,0,22700
"Cotton, Tom",Legado Companies,23200,0,23200
"Cotton, Tom",Cactus Wellhead,23400,0,23400
"Cotton, Tom",Massachusetts Mutual Life Insurance,23500,23500,0
"Cotton, Tom",AT&T Inc,23699,20000,3699
"Cotton, Tom",Renaissance Technologies,20800,0,20800
"Cotton, Tom",State of Arkansas,23758,0,23758
"Cotton, Tom",Lieblong & Assoc,20600,0,20600
"Cotton, Tom",Bluewater International,20400,0,20400
"Cotton, Tom",Blessey Marine Service,17400,5000,12400
"Cotton, Tom",Pine Bluff Sand & Gravel,17500,0,17500
"Cotton, Tom",First Command Financial Services,17500,15000,2500
"Cotton, Tom",USAA,17576,17500,76
"Cotton, Tom",Elliott Management,17800,0,17800
"Cotton, Tom",Village Properties,17900,0,17900
"Cotton, Tom",Investment Co Institute,18000,18000,0
"Cotton, Tom",Hilton Worldwide,18232,7500,10732
"Cotton, Tom",Townsquare Media,18500,0,18500
"Cotton, Tom",Simmons First National Bank,18500,0,18500
"Cotton, Tom",Milbank LLP,18525,0,18525
"Cotton, Tom",Citigroup Inc,19150,12500,6650
"Cotton, Tom","Paul, Weiss et al",19225,0,19225
"Cotton, Tom",Regions Financial,20000,20000,0
"Cotton, Tom",Paulson & Co,20000,0,20000
"Cotton, Tom",EXL Petroleum,20000,0,20000
"Cotton, Tom",Crescent Capital Group,20000,0,20000
"Cotton, Tom","Cohen, Klingenstein & Marks",20200,0,20200
"Cotton, Tom",Comcast Corp,20335,20000,335
"Cotton, Tom",Greenhill & Co,20400,0,20400
"Cotton, Tom",Compass Point Group,20400,0,20400
"Cotton, Tom",Access Industries,20400,0,20400
"Cotton, Tom",Goldman Sachs,182100,25000,157100
"Cotton, Tom",Blackstone Group,23913,0,23913
"Cotton, Tom",NorPAC,24300,0,24300
"Cotton, Tom",Invemed Assoc,31200,0,31200
"Cotton, Tom",Dobbs Brothers Management,31200,0,31200
"Cotton, Tom",National Assn of Mutual Insurance Companies,32500,32500,0
"Cotton, Tom",Pro-israel America PAC,33550,0,33550
"Cotton, Tom",Mortgage Bankers Assn,35000,35000,0
"Cotton, Tom",Honeywell International,35491,30000,5491
"Cotton, Tom",American Bankers Assn,35550,35000,550
"Cotton, Tom",JW Childs Assoc,36200,0,36200
"Cotton, Tom",Northrop Grumman,36367,35000,1367
"Cotton, Tom",Bank of America,36455,25000,11455
"Cotton, Tom",Cooper & Kirk,36900,0,36900
"Cotton, Tom",Boston Consulting Group,38550,0,38550
"Cotton, Tom",Experian,39500,37000,2500
"Cotton, Tom",New York Life Insurance,42975,22000,20975
"Cotton, Tom",UBS AG,43075,40000,3075
"Cotton, Tom",Capital Group Companies,43600,5000,38600
"Cotton, Tom",Walmart Inc,45336,28500,16836
"Cotton, Tom",Apollo Global Management,49070,0,49070
"Cotton, Tom",Mountaire Corp,56000,0,56000
"Cotton, Tom",Lockheed Martin,77301,34000,43301
"Cotton, Tom",Stephens Inc,89600,5000,84600
"Cotton, Tom",UnitedHealth Group,30883,25000,5883
"Cotton, Tom",Wells Fargo,24279,12500,11779
"Cotton, Tom","Gibson, Dunn & Crutcher",30650,0,30650
"Cotton, Tom",American Institute of CPAs,30000,30000,0
"Cotton, Tom","Simpson, Thacher & Bartlett",24500,0,24500
"Cotton, Tom",Unity Health (Arkansas),24600,0,24600
"Cotton, Tom",Cordary Inc,24600,0,24600
"Cotton, Tom",Medstar Georgetown University Hospital,25000,0,25000
"Cotton, Tom",Independent Community Bankers of America,25000,25000,0
"Cotton, Tom",Automotive Free International Trade PAC,25000,25000,0
"Cotton, Tom",Union Pacific Corp,25025,25000,25
"Cotton, Tom",Berkshire Hathaway,25571,23500,2071
"Cotton, Tom",Equity Group Investments,25600,0,25600
"Cotton, Tom",Ernst & Young,25625,22500,3125
"Cotton, Tom",Murphy Oil,25675,10000,15675
"Cotton, Tom",Read Investments,25800,0,25800
"Cotton, Tom",Home Bancshares,25800,0,25800
"Cotton, Tom",Probity International,26000,0,26000
"Cotton, Tom",Kent Companies,26200,0,26200
"Cotton, Tom",Independent Insurance Agents & Brokers of America,26500,26500,0
"Cotton, Tom",Affiliated Managers Group,27100,0,27100
"Cotton, Tom",PNC Financial Services,27530,17000,10530
"Cotton, Tom",United Parcel Service,28746,27500,1246
"Cotton, Tom",General Dynamics,29660,29500,160
"Cotton, Tom",Crossland Construction,30000,0,30000
"Cotton, Tom",Gerson Lehrman Group,30200,0,30200
"Cramer, Kevin",Home Depot,10000,10000,0
"Cramer, Kevin",HellerHighWater PAC,10000,10000,0
"Cramer, Kevin",Corwin Automotive Group,11100,0,11100
"Cramer, Kevin",TCW Group,16200,0,16200
"Cramer, Kevin",International Franchise Assn,15000,10000,5000
"Cramer, Kevin",Pilot Corp,13500,0,13500
"Cramer, Kevin",Strata Corp,13500,0,13500
"Cramer, Kevin",Tuttle-Click Automotive Group,13500,0,13500
"Cramer, Kevin",Petro-Hunt LLC,13450,0,13450
"Cramer, Kevin",NACCO Industries,13250,5000,8250
"Cramer, Kevin",Community Oncology Alliance,13000,13000,0
"Cramer, Kevin",Permian Enterprises,12883,0,12883
"Cramer, Kevin",Freeman Spogli & Co,16200,0,16200
"Cramer, Kevin",Brandt Holdings,12800,0,12800
"Cramer, Kevin",National Electrical Contractors Assn,12500,12500,0
"Cramer, Kevin",Odney Advertising,12250,0,12250
"Cramer, Kevin",Berkshire Hathaway,12050,7500,4550
"Cramer, Kevin",AT&T Inc,12005,12000,5
"Cramer, Kevin",Thrivent Financial,12000,9000,3000
"Cramer, Kevin",Susan B Anthony List,11950,1100,10850
"Cramer, Kevin",Scheels All Sports,11800,0,11800
"Cramer, Kevin",Midcontinent Media,11300,0,11300
"Cramer, Kevin",National Assn of Realtors,11250,11000,250
"Cramer, Kevin",TTT Ranch,12800,0,12800
"Cramer, Kevin",Cardon Global,16200,0,16200
"Cramer, Kevin",UBS Americas,17000,15000,2000
"Cramer, Kevin",Fresenius Medical Care,17000,16000,1000
"Cramer, Kevin",Yancey Brothers,32400,0,32400
"Cramer, Kevin",Alliance Coal,32166,10000,22166
"Cramer, Kevin",Chord Energy,31850,5000,26850
"Cramer, Kevin",DaVita Inc,29200,11500,17700
"Cramer, Kevin",State of North Dakota,28050,0,28050
"Cramer, Kevin",Blackstone Group,27000,0,27000
"Cramer, Kevin",Marathon Oil,26500,7500,19000
"Cramer, Kevin",Jennmar Corp,23500,0,23500
"Cramer, Kevin",Alticor Inc,21600,0,21600
"Cramer, Kevin",General Atomics,20900,15500,5400
"Cramer, Kevin",Select Energy Services,20550,0,20550
"Cramer, Kevin",MBI Energy Services,19900,0,19900
"Cramer, Kevin",Kerian Machines,19600,0,19600
"Cramer, Kevin",Council of Insurance Agents & Brokers,19000,19000,0
"Cramer, Kevin",Tharaldson Hospitality,19000,0,19000
"Cramer, Kevin",Republican National Cmte,18900,18900,0
"Cramer, Kevin",Clearpath Foundation,18100,0,18100
"Cramer, Kevin",Devon Energy,18100,10000,8100
"Cramer, Kevin",University of North Dakota,17700,0,17700
"Cramer, Kevin",Republican Jewish Coalition,17600,10000,7600
"Cramer, Kevin",Marathon Petroleum,17500,17500,0
"Cramer, Kevin",Energy Transfer LP,72800,0,72800
"Cramer, Kevin",Cargill Inc,11075,0,11075
"Cramer, Kevin",ICE PAC,10000,10000,0
"Cramer, Kevin",International Bank of Commerce,11017,5200,5817
"Cramer, Kevin",Truenorth Steel,10800,0,10800
"Cramer, Kevin",Vance Street Capital,10800,0,10800
"Cramer, Kevin","Welsh, Carson et al",10800,0,10800
"Cramer, Kevin",Prescott Investors,10500,0,10500
"Cramer, Kevin",Lignite Energy Council,10250,10000,250
"Cramer, Kevin",US Bancorp,10210,7500,2710
"Cramer, Kevin",Northrop Grumman,10125,10000,125
"Cramer, Kevin",Titan Machinery,10100,0,10100
"Cramer, Kevin",Kindred Healthcare,10082,7500,2582
"Cramer, Kevin",American Crystal Sugar,10030,10000,30
"Cramer, Kevin",American Bankers Assn,10025,10000,25
"Cramer, Kevin",American Dental Assn,10000,10000,0
"Cramer, Kevin",Bluegrass Cmte,10000,10000,0
"Cramer, Kevin",Charter Communications,10000,10000,0
"Cramer, Kevin",Citizens for Prosperity in America Today,10000,10000,0
"Cramer, Kevin",Cloud Peak Energy Resources,10000,10000,0
"Cramer, Kevin",Common Values PAC,10000,10000,0
"Cramer, Kevin",Dakota PAC,10000,10000,0
"Cramer, Kevin",Delta Air Lines,10000,10000,0
"Cramer, Kevin",Fund for a Conservative Future,10000,10000,0
"Cramer, Kevin",Heartland Values PAC,10000,10000,0
"Cramer, Kevin",TPG Capital,10800,0,10800
"Cramer, Kevin",Ellingson Companies,44850,0,44850
"Cramer, Kevin",Thornton Oil,10800,0,10800
"Cramer, Kevin",Nuveria,10800,0,10800
"Cramer, Kevin",Agman Partners,10800,0,10800
"Cramer, Kevin",Arizona Diamondbacks,10800,0,10800
"Cramer, Kevin",Baker Boy,10800,0,10800
"Cramer, Kevin",Bauer Honey,10800,0,10800
"Cramer, Kevin",Bernard Marcus Family Foundation,10800,0,10800
"Cramer, Kevin",Beverage Wholesalers Inc,10800,0,10800
"Cramer, Kevin",Bluff Point Assoc,10800,0,10800
"Cramer, Kevin",Brown-Forman Corp,10800,0,10800
"Cramer, Kevin",Charles Schwab Corp,10800,0,10800
"Cramer, Kevin",Continental Investors,10800,0,10800
"Cramer, Kevin",Environmental Services Ltd,10800,0,10800
"Cramer, Kevin",Fisher Industries,10800,0,10800
"Cramer, Kevin",Franklin Resources,10800,0,10800
"Cramer, Kevin",Harbour Group Industries,10800,0,10800
"Cramer, Kevin",HJ Kalikow & Co,10800,0,10800
"Cramer, Kevin",JW Childs Assoc,10800,0,10800
"Cramer, Kevin",Kent Companies,10800,0,10800
"Cramer, Kevin",Lone Star Funds,10800,0,10800
"Cramer, Kevin",Madison Dearborn Partners,10800,0,10800
"Cramer, Kevin",Miller Insulation,10800,0,10800
"Cramer, Kevin",North American Holdings,10800,0,10800
"Cramer, Kevin",Red Apple Group,10800,0,10800
"Cramer, Kevin",National Republican Senatorial Cmte,47400,47400,0
"Crapo, Mike",TPG Capital,22900,0,22900
"Crapo, Mike",Capital Group Companies,141800,50000,91800
"Crapo, Mike",Carlyle Group,104200,0,104200
"Crapo, Mike",Honeywell International,35000,35000,0
"Crapo, Mike",Deloitte LLP,35000,35000,0
"Crapo, Mike",Automotive Free International Trade PAC,40000,40000,0
"Crapo, Mike",Hewlett Packard Enterprise,40000,40000,0
"Crapo, Mike",Independent Community Bankers of America,40000,40000,0
"Crapo, Mike",KPMG LLP,40000,40000,0
"Crapo, Mike",National Assn of Home Builders,40000,40000,0
"Crapo, Mike",National Assn of Real Estate Investment Trusts,40000,40000,0
"Crapo, Mike",National Multifamily Housing Council,40000,40000,0
"Crapo, Mike",USAA,40000,40000,0
"Crapo, Mike",Quicken Loans,39900,3500,36400
"Crapo, Mike",American Institute of CPAs,40000,40000,0
"Crapo, Mike",American Hospital Assn,39000,39000,0
"Crapo, Mike",Wells Fargo,38500,19000,19500
"Crapo, Mike",Regions Financial,38000,38000,0
"Crapo, Mike",National Assn of Realtors,37990,37990,0
"Crapo, Mike",Fidelity National Financial,37920,7920,30000
"Crapo, Mike",Consumer Bankers Assn,37500,37500,0
"Crapo, Mike",Union Pacific Corp,37500,37500,0
"Crapo, Mike",United Parcel Service,36200,36200,0
"Crapo, Mike",Royal Bank of Canada,35500,10000,25500
"Crapo, Mike",American Land Title Assn,35000,35000,0
"Crapo, Mike",US Bancorp,38500,38000,500
"Crapo, Mike",American Medical Assn,35000,35000,0
"Crapo, Mike",Mortgage Bankers Assn,41000,40000,1000
"Crapo, Mike",Merck & Co,42500,35000,7500
"Crapo, Mike",MetLife Inc,74750,37000,37750
"Crapo, Mike",Amgen Inc,73200,31500,41700
"Crapo, Mike",Fresenius Medical Care,73200,51000,22200
"Crapo, Mike",PNC Financial Services,71500,70500,1000
"Crapo, Mike",Fidelity Investments,65000,37500,27500
"Crapo, Mike",New York Life Insurance,64450,26000,38450
"Crapo, Mike",Blue Cross/Blue Shield,64000,63000,1000
"Crapo, Mike",UnitedHealth Group,62700,37500,25200
"Crapo, Mike",Blackstone Group,59500,1000,58500
"Crapo, Mike",1st Financial Bank USA,41200,0,41200
"Crapo, Mike",Pfizer Inc,58500,37500,21000
"Crapo, Mike",Apollo Global Management,54700,1500,53200
"Crapo, Mike",Clearpath Foundation,49800,0,49800
"Crapo, Mike",Sinclair Companies,48500,0,48500
"Crapo, Mike",Sullivan & Cromwell,48250,0,48250
"Crapo, Mike",Goldman Sachs,48200,39500,8700
"Crapo, Mike",JPMorgan Chase & Co,47950,33000,14950
"Crapo, Mike",Zions Bancorp,46100,2700,43400
"Crapo, Mike",CME Group,44000,44000,0
"Crapo, Mike",CVS Health,43500,43500,0
"Crapo, Mike",America's Credit Unions,56500,52500,4000
"Crapo, Mike",Watco Companies,88220,0,88220
"Crapo, Mike",Independent Insurance Agents & Brokers of America,35000,35000,0
"Crapo, Mike",Thrivent Financial,35000,28000,7000
"Crapo, Mike",Pacific Companies,26300,0,26300
"Crapo, Mike",Walmart Inc,26025,26000,25
"Crapo, Mike",Federal Reserve Board,26000,0,26000
"Crapo, Mike",National Assn of Mutual Insurance Companies,26000,24000,2000
"Crapo, Mike",Micron Technology,25950,20000,5950
"Crapo, Mike",Plummer Forest Products,25800,0,25800
"Crapo, Mike",Berkshire Hathaway,25500,25000,500
"Crapo, Mike",Bristol-Myers Squibb,25000,15000,10000
"Crapo, Mike",Depository Trust & Clearing Corp,25000,25000,0
"Crapo, Mike",Truist Financial,26500,26500,0
"Crapo, Mike",National Beer Wholesalers Assn,25000,25000,0
"Crapo, Mike",AbbVie Inc,24500,24500,0
"Crapo, Mike",Credit Suisse Group,24500,24000,500
"Crapo, Mike",Massachusetts Mutual Life Insurance,24500,20500,4000
"Crapo, Mike",Guardian Life Insurance,24000,16000,8000
"Crapo, Mike",Northwestern Mutual Life Insurance,24000,20000,4000
"Crapo, Mike",T-Mobile USA,24000,24000,0
"Crapo, Mike",Comcast Corp,23500,22500,1000
"Crapo, Mike",American Assn of Nurse Anesthetists,23000,23000,0
"Crapo, Mike",Bayer AG,23000,23000,0
"Crapo, Mike",Delta Strategy Group,24528,0,24528
"Crapo, Mike",Agri Beef,26800,0,26800
"Crapo, Mike",Harbinger Strategies,27000,0,27000
"Crapo, Mike",Ernst & Young,27000,26500,500
"Crapo, Mike",Visa Inc,35000,35000,0
"Crapo, Mike",DaVita Inc,33500,31000,2500
"Crapo, Mike",Investment Co Institute,33500,33500,0
"Crapo, Mike",Northrop Grumman,33500,33500,0
"Crapo, Mike",Prudential Financial,33500,31500,2000
"Crapo, Mike",Abbott Laboratories,32500,32500,0
"Crapo, Mike",Capital One Financial,32500,32500,0
"Crapo, Mike",Genesee & Wyoming,31500,23100,8400
"Crapo, Mike",American Bankers Assn,31000,29500,1500
"Crapo, Mike",Citigroup Inc,31000,30000,1000
"Crapo, Mike",Humana Inc,30500,30500,0
"Crapo, Mike",Wine & Spirits Wholesalers of America,30499,30499,0
"Crapo, Mike",American Council of Life Insurers,30000,30000,0
"Crapo, Mike",Bank of New York Mellon,30000,30000,0
"Crapo, Mike",Home Depot,30000,30000,0
"Crapo, Mike",National Auto Dealers Assn,30000,30000,0
"Crapo, Mike",UBS Americas,28300,25000,3300
"Crapo, Mike",AFLAC Inc,28000,28000,0
"Crapo, Mike",American Property Casualty Insurance Assn,28000,28000,0
"Crapo, Mike",Pharmaceutical Research & Manufacturers Of America,27500,16000,11500
"Crapo, Mike",Travelers Companies,27500,27500,0
"Crapo, Mike",Votesane PAC,75150,0,75150
"Crapo, Mike",Stephens Inc,81200,0,81200
"Cruz, Ted",Crow Holdings,27200,0,27200
"Cruz, Ted",Giles & O'Malley,27000,0,27000
"Cruz, Ted",Sage Energy,26400,0,26400
"Cruz, Ted",Mid States Operating Co,26400,0,26400
"Cruz, Ted",Credit Suisse Group,32200,0,32200
"Cruz, Ted",Morgan Lewis LLP,32966,0,32966
"Cruz, Ted",Wilks Brothers,33028,0,33028
"Cruz, Ted",Henry Resources,33437,0,33437
"Cruz, Ted",Desert Royalty Co,35600,0,35600
"Cruz, Ted",Apollo Global Management,35650,0,35650
"Cruz, Ted",Bechtel Group,36016,0,36016
"Cruz, Ted",Citadel LLC,36200,0,36200
"Cruz, Ted",Honeywell International,36255,26000,10255
"Cruz, Ted",Occidental Petroleum,32184,7500,24684
"Cruz, Ted",FedEx Corp,36560,22000,14560
"Cruz, Ted",JAT Capital Partners,36600,0,36600
"Cruz, Ted",Exxon Mobil,36997,10000,26997
"Cruz, Ted",Quantum Energy Partners,37100,0,37100
"Cruz, Ted",Republic National Distributing,37400,0,37400
"Cruz, Ted",Platinum Health Care,37400,0,37400
"Cruz, Ted",Accenture,37809,15000,22809
"Cruz, Ted",Debusk Services Group,38300,0,38300
"Cruz, Ted",Interstate Batteries,38500,0,38500
"Cruz, Ted",University of Texas,38784,0,38784
"Cruz, Ted",Oberheiden Pc,36600,0,36600
"Cruz, Ted",Heavy Construction Systems Specialists,32050,0,32050
"Cruz, Ted",RE Janes Gravel Co,31600,0,31600
"Cruz, Ted",Texas Transeastern,31600,0,31600
"Cruz, Ted",Northrop Grumman,27227,20000,7227
"Cruz, Ted",Jackson Walker Llp,27317,0,27317
"Cruz, Ted",Discovery Operating,28000,0,28000
"Cruz, Ted",Redman Management,28400,0,28400
"Cruz, Ted",Dell Technologies,28510,14000,14510
"Cruz, Ted",KKR & Co,28653,0,28653
"Cruz, Ted",Williams Brothers Construction,28700,0,28700
"Cruz, Ted",Research Affiliates LLC,28700,0,28700
"Cruz, Ted",Boeing Co,29132,10000,19132
"Cruz, Ted",Bank of America,29147,0,29147
"Cruz, Ted",Warburg Pincus,29220,0,29220
"Cruz, Ted",Taste of Texas Restaurant,29300,0,29300
"Cruz, Ted",McCombs Enterprises,29300,0,29300
"Cruz, Ted",US Anesthesia Partners,29316,0,29316
"Cruz, Ted",Expand Energy,29485,2500,26985
"Cruz, Ted",Norfolk Southern,30000,30000,0
"Cruz, Ted",Mister Sweeper LP,30000,0,30000
"Cruz, Ted",US Army,30375,0,30375
"Cruz, Ted",Baker Botts LLP,30625,1000,29625
"Cruz, Ted",Arizona Diamondbacks,30800,0,30800
"Cruz, Ted",US Government,31084,0,31084
"Cruz, Ted",Mirand Response Systems,38900,0,38900
"Cruz, Ted",Anthem Ventures,26200,0,26200
"Cruz, Ted",UnitedHealth Group,39384,2500,36884
"Cruz, Ted",Huffines Communities,39700,0,39700
"Cruz, Ted",JW Childs Assoc,52400,0,52400
"Cruz, Ted",Ryan LLC,52666,20000,32666
"Cruz, Ted",Hilcorp Energy,54518,0,54518
"Cruz, Ted",USAA,56838,25000,31838
"Cruz, Ted",Rida Development,57000,0,57000
"Cruz, Ted",Doggett Industries,57200,0,57200
"Cruz, Ted",Avalon Advisors,60700,0,60700
"Cruz, Ted",Sutton Ventures Group,61800,0,61800
"Cruz, Ted",Jennmar Corp,65700,0,65700
"Cruz, Ted",Stewart & Stevenson,52400,0,52400
"Cruz, Ted",Stewart Title Guaranty,65965,0,65965
"Cruz, Ted",Delta Air Lines,68484,22500,45984
"Cruz, Ted",Sullivan & Cromwell,72913,0,72913
"Cruz, Ted",NorPAC,93950,0,93950
"Cruz, Ted",Lockheed Martin,99570,42000,57570
"Cruz, Ted",Berkshire Hathaway,103128,40000,63128
"Cruz, Ted",Woodforest Financial Group,148201,0,148201
"Cruz, Ted",Club for Growth,234832,0,234832
"Cruz, Ted",Senate Conservatives Fund,276588,0,276588
"Cruz, Ted",Tennessee Industrial Electronics,26700,0,26700
"Cruz, Ted",Insperity,67025,0,67025
"Cruz, Ted",Lodge Lumber,52165,0,52165
"Cruz, Ted",Southwest Airlines,51596,5998,45598
"Cruz, Ted",Cooper & Kirk,44600,0,44600
"Cruz, Ted",Comcast Corp,39765,25000,14765
"Cruz, Ted",State of Texas,40402,0,40402
"Cruz, Ted",Saulsbury Industries,40730,0,40730
"Cruz, Ted",Deason Capital Services,40800,0,40800
"Cruz, Ted",Ariel Corp,41600,0,41600
"Cruz, Ted",Republican Jewish Coalition,42474,10000,32474
"Cruz, Ted",Goldman Sachs,42675,5000,37675
"Cruz, Ted",Duty Free Americas,43200,0,43200
"Cruz, Ted",Pbf Energy,43560,0,43560
"Cruz, Ted",Hudson River Trading,44100,0,44100
"Cruz, Ted",Herzog,50500,5000,45500
"Cruz, Ted",Hicks Holdings,39060,0,39060
"Cruz, Ted",Cinemark USA,45800,0,45800
"Cruz, Ted",MIDDLETON OIL CO,47000,0,47000
"Cruz, Ted",Southern Glazer's Wine & Spirits,47425,0,47425
"Cruz, Ted",Union Pacific Corp,47550,40000,7550
"Cruz, Ted",Chevron Corp,47745,14000,33745
"Cruz, Ted","Gibson, Dunn & Crutcher",48050,0,48050
"Cruz, Ted",AT&T Inc,48670,35000,13670
"Cruz, Ted",Bluewater International,49900,0,49900
"Cruz, Ted",Valero Energy,50019,24000,26019
"Cruz, Ted",American Airlines Group,50328,19000,31328
"Cruz, Ted",Greenberg Traurig LLP,45210,2500,42710
"Daines, Steven",Crossharbor Capital Partners,19500,0,19500
"Daines, Steven","National Stone, Sand & Gravel Assn",27000,27000,0
"Daines, Steven",Saulsbury Industries,39200,0,39200
"Daines, Steven",Goldman Sachs,39225,20000,19225
"Daines, Steven",GBX Group,38750,0,38750
"Daines, Steven",Blue Cross/Blue Shield,38485,36000,2485
"Daines, Steven",Ignition Partners,38075,0,38075
"Daines, Steven",Union Pacific Corp,36035,33000,3035
"Daines, Steven",Hewlett Packard Enterprise,35821,35500,321
"Daines, Steven",Wells Fargo,35401,12000,23401
"Daines, Steven",T-Mobile USA,35040,29000,6040
"Daines, Steven",American Hotel & Lodging Assn,35000,35000,0
"Daines, Steven",California Dairies Inc,35000,35000,0
"Daines, Steven",National Auto Dealers Assn,35000,35000,0
"Daines, Steven",Elliott Management,33500,0,33500
"Daines, Steven",Yellowstone Bank,32600,0,32600
"Daines, Steven",General Dynamics,31543,25000,6543
"Daines, Steven",Wine & Spirits Wholesalers of America,31000,31000,0
"Daines, Steven",Southern Co,29815,29000,815
"Daines, Steven",Comcast Corp,29238,27500,1738
"Daines, Steven",Delta Air Lines,28416,21000,7416
"Daines, Steven",Lockheed Martin,28279,10000,18279
"Daines, Steven",Agua Caliente Band of Cahuilla Indians,28000,0,28000
"Daines, Steven",Steelhead Partners,28000,0,28000
"Daines, Steven",NextEra Energy,39899,16500,23399
"Daines, Steven",CSX Corp,27924,27500,424
"Daines, Steven",Sequoia Capital,40700,0,40700
"Daines, Steven",Home Depot,41208,35500,5708
"Daines, Steven",Senate Conservatives Fund,295841,10000,285841
"Daines, Steven",Club for Growth,109971,0,109971
"Daines, Steven",Charter Communications,81124,40000,41124
"Daines, Steven",Susan B Anthony List,65125,7900,57225
"Daines, Steven",Langlas & Assoc,64102,0,64102
"Daines, Steven",Republican Jewish Coalition,62058,9209,52849
"Daines, Steven",Procter & Gamble,56499,9000,47499
"Daines, Steven",Berkshire Hathaway,55241,40000,15241
"Daines, Steven",Amgen Inc,54630,26000,28630
"Daines, Steven",Blackstone Group,53911,0,53911
"Daines, Steven",Microsoft Corp,52722,37500,15222
"Daines, Steven",New York Life Insurance,49628,35000,14628
"Daines, Steven",Barnard Construction,47845,0,47845
"Daines, Steven",FedEx Corp,47523,35500,12023
"Daines, Steven",United Parcel Service,46556,37500,9056
"Daines, Steven",Northrop Grumman,45170,38500,6670
"Daines, Steven",National Republican Senatorial Cmte,44625,44600,25
"Daines, Steven",Altria Group,44300,30000,14300
"Daines, Steven",Deloitte LLP,42337,40000,2337
"Daines, Steven",Honeywell International,42005,38500,3505
"Daines, Steven",Sinclair Companies,41750,0,41750
"Daines, Steven",NorPAC,40770,0,40770
"Daines, Steven",Chevron Corp,27698,10000,17698
"Daines, Steven",NCTA The Internet & Television Assn,32500,32500,0
"Daines, Steven",Bank of America,26936,1000,25936
"Daines, Steven",Koch Industries,22500,20000,2500
"Daines, Steven",US Government,22405,0,22405
"Daines, Steven",National Assn of Realtors,22000,20000,2000
"Daines, Steven",Quicken Loans,22000,0,22000
"Daines, Steven","Bryan, Cave et al",21958,19000,2958
"Daines, Steven",Charles Schwab Corp,21938,8000,13938
"Daines, Steven",Verizon Communications,21591,19000,2591
"Daines, Steven",General Motors,21585,19000,2585
"Daines, Steven",Mortgage Bankers Assn,27000,27000,0
"Daines, Steven",Fisher Investments,21200,0,21200
"Daines, Steven",Koch Inc,22530,20000,2530
"Daines, Steven",KKR & Co,21097,1500,19597
"Daines, Steven",Independent Community Bankers of America,21000,21000,0
"Daines, Steven",Genentech Inc,20861,17500,3361
"Daines, Steven",National Assn of Real Estate Investment Trusts,20750,20500,250
"Daines, Steven",Democracy Engine,20450,0,20450
"Daines, Steven",US House of Representatives,20335,0,20335
"Daines, Steven","Brownstein, Hyatt et al",20250,10500,9750
"Daines, Steven",Amazon.com,20235,9500,10735
"Daines, Steven",Town Pump Inc,20025,0,20025
"Daines, Steven",Credit Union National Assn,20000,20000,0
"Daines, Steven",Regions Financial,19877,19500,377
"Daines, Steven",Association of KFC Franchisees,21000,21000,0
"Daines, Steven","Akin, Gump et al",22770,6500,16270
"Daines, Steven",Teamworthy Group,21400,0,21400
"Daines, Steven",BGR Group,26775,925,25850
"Daines, Steven",American Dental Assn,22950,22500,450
"Daines, Steven",United Dairy Farmers,26650,0,26650
"Daines, Steven",DISH Network,26550,10000,16550
"Daines, Steven",Melrose Industries,26438,0,26438
"Daines, Steven",TA Assoc,26300,9500,16800
"Daines, Steven",CC Clark Inc,25720,0,25720
"Daines, Steven",Boeing Co,25554,10000,15554
"Daines, Steven","Cohen, Klingenstein & Marks",25200,0,25200
"Daines, Steven",Laborers Union,25075,25000,75
"Daines, Steven",Automotive Free International Trade PAC,25000,25000,0
"Daines, Steven",Norfolk Southern,25260,25000,260
"Daines, Steven",National Beer Wholesalers Assn,25000,25000,0
"Daines, Steven",National Assn of Convenience Stores,23000,23000,0
"Daines, Steven",International Franchise Assn,25000,25000,0
"Daines, Steven",Air Line Pilots Assn,23500,23500,0
"Daines, Steven",Rock Holdings,24500,12000,12500
"Daines, Steven",National Air Traffic Controllers Assn,24500,24500,0
"Daines, Steven",National Assn of Broadcasters,23000,21500,1500
"Daines, Steven",Walmart Inc,24990,16000,8990
"Daines, Steven",National Multifamily Housing Council,25000,25000,0
"Daines, Steven",AT&T Inc,24974,17500,7474
"Duckworth, Tammy",CSX Corp,20000,20000,0
"Duckworth, Tammy",American Federation of Teachers,18369,17500,869
"Duckworth, Tammy",Growth Energy,18500,18500,0
"Duckworth, Tammy",Power Rogers LLP,18700,0,18700
"Duckworth, Tammy",Serve America PAC,19200,19200,0
"Duckworth, Tammy",AAR Corp,19500,8200,11300
"Duckworth, Tammy",Bucher Medical Services,19950,0,19950
"Duckworth, Tammy",Prairie PAC,20000,20000,0
"Duckworth, Tammy",Great Lakes PAC,20000,20000,0
"Duckworth, Tammy",Aircraft Owners & Pilots Assn,20000,20000,0
"Duckworth, Tammy",NCTA The Internet & Television Assn,21000,21000,0
"Duckworth, Tammy",Bricklayers Union,20020,20000,20
"Duckworth, Tammy",UNITE HERE,20025,20000,25
"Duckworth, Tammy",Cboe Global Markets,20075,15000,5075
"Duckworth, Tammy",American Federation of State/Cnty/Munic Employees,20078,20000,78
"Duckworth, Tammy",Teamsters Union,20100,20000,100
"Duckworth, Tammy",Corboy & Demetrio,20500,0,20500
"Duckworth, Tammy","City of Chicago, IL",20512,0,20512
"Duckworth, Tammy",Brandenburg Industrial Service,20800,0,20800
"Duckworth, Tammy",Anheuser-Busch,21000,21000,0
"Duckworth, Tammy","Buchanan, Ingersoll & Rooney",18180,0,18180
"Duckworth, Tammy",National Assn of Letter Carriers,20020,15000,5020
"Duckworth, Tammy",Urban Innovations,15500,0,15500
"Duckworth, Tammy",League of Conservation Voters,179310,13000,166310
"Duckworth, Tammy",Sidley Austin LLP,17650,1000,16650
"Duckworth, Tammy",Ironworkers Union,15500,15500,0
"Duckworth, Tammy",National Air Traffic Controllers Assn,21250,21250,0
"Duckworth, Tammy",Baker & McKenzie,15600,0,15600
"Duckworth, Tammy",National Assn of Broadcasters,15750,14500,1250
"Duckworth, Tammy",Abelson Taylor,15800,0,15800
"Duckworth, Tammy",Segal Co,16056,0,16056
"Duckworth, Tammy",Labelmaster,16200,0,16200
"Duckworth, Tammy",Couponcabin.Com,16200,0,16200
"Duckworth, Tammy",Artery Capital Group,16200,0,16200
"Duckworth, Tammy",Development Specialists Inc,16210,0,16210
"Duckworth, Tammy",US Dept of Veterans Affairs,17662,0,17662
"Duckworth, Tammy",Centene Corp,16307,2500,13807
"Duckworth, Tammy",Google Inc,16460,6500,9960
"Duckworth, Tammy",US Dept of Energy,16472,0,16472
"Duckworth, Tammy",GCM Grosvenor,16700,0,16700
"Duckworth, Tammy",United Airlines Holdings,16746,7000,9746
"Duckworth, Tammy",Bend The Arc Jewish Action,17151,10000,7151
"Duckworth, Tammy",Transport Workers Union,17500,17500,0
"Duckworth, Tammy",USAA,17570,17500,70
"Duckworth, Tammy",MRHFM Law Firm,17583,0,17583
"Duckworth, Tammy",RTX Corp,17619,16000,1619
"Duckworth, Tammy",Charter Communications,17628,17500,128
"Duckworth, Tammy",DLA Piper,16355,0,16355
"Duckworth, Tammy",Rmk Management,21400,0,21400
"Duckworth, Tammy","Newmark, Grubb et al",15500,0,15500
"Duckworth, Tammy",Mesirow Financial,21750,0,21750
"Duckworth, Tammy",Air Line Pilots Assn,32063,30000,2063
"Duckworth, Tammy",University of Chicago,32409,0,32409
"Duckworth, Tammy",Winston & Strawn,32410,10400,22010
"Duckworth, Tammy",Honeywell International,32905,32500,405
"Duckworth, Tammy",Select Medical Corp,33078,25000,8078
"Duckworth, Tammy",Blue Cross/Blue Shield,33384,17000,16384
"Duckworth, Tammy",Cooney & Conway,34265,0,34265
"Duckworth, Tammy",American Maritime Officers,35000,35000,0
"Duckworth, Tammy",University of Illinois,35175,0,35175
"Duckworth, Tammy",Northwestern University,35601,0,35601
"Duckworth, Tammy",American Assn of Orthopaedic Surgeons,32000,32000,0
"Duckworth, Tammy",Exelon Corp,35902,12500,23402
"Duckworth, Tammy",State of Illinois,36942,0,36942
"Duckworth, Tammy",United Food & Commercial Workers Union,38307,37500,807
"Duckworth, Tammy",Kirkland & Ellis,43878,0,43878
"Duckworth, Tammy",Council for a Livable World,45087,0,45087
"Duckworth, Tammy",Democratic Senatorial Campaign Cmte,46800,46800,0
"Duckworth, Tammy",Northrop Grumman,48528,42500,6028
"Duckworth, Tammy",Willis Towers Watson,51944,0,51944
"Duckworth, Tammy",Simmons Hanly Conroy,131775,0,131775
"Duckworth, Tammy",JStreetPAC,194437,5000,189437
"Duckworth, Tammy",EMILY's List,426574,8275,418299
"Duckworth, Tammy",University of California,36843,0,36843
"Duckworth, Tammy",UnitedHealth Group,21605,20000,1605
"Duckworth, Tammy",VoteVets.org,32000,32000,0
"Duckworth, Tammy",L3Harris Technologies,30775,28000,2775
"Duckworth, Tammy",Phosplatin Therapeutics,22000,0,22000
"Duckworth, Tammy",Motley Rice LLC,22290,0,22290
"Duckworth, Tammy",American Assn for Justice,22400,22000,400
"Duckworth, Tammy",AT&T Inc,23381,9500,13881
"Duckworth, Tammy","Akin, Gump et al",23425,250,23175
"Duckworth, Tammy",Thornton Law Firm,23500,0,23500
"Duckworth, Tammy","Bartlit, Beck et al",24100,0,24100
"Duckworth, Tammy",Pfizer Inc,24218,21000,3218
"Duckworth, Tammy",Motorola Solutions,24315,24000,315
"Duckworth, Tammy",Clifford Law Offices,24550,0,24550
"Duckworth, Tammy",International Brotherhood of Electrical Workers,31523,30000,1523
"Duckworth, Tammy",Poet LLC,25000,20000,5000
"Duckworth, Tammy",Cigna Corp,25123,24500,623
"Duckworth, Tammy",Home Depot,25338,25000,338
"Duckworth, Tammy","Sheet Metal, Air, Rail & Transportation Union",26000,26000,0
"Duckworth, Tammy",Union Pacific Corp,26130,25000,1130
"Duckworth, Tammy",Comcast Corp,26241,20000,6241
"Duckworth, Tammy",Berkshire Hathaway,26245,25000,1245
"Duckworth, Tammy",American Orthotic & Prosthetic Assn,26449,22500,3949
"Duckworth, Tammy",Womencount PAC,28083,848,27235
"Duckworth, Tammy",Deloitte LLP,29702,27500,2202
"Duckworth, Tammy",American Crystal Sugar,30000,30000,0
"Duckworth, Tammy",AbbVie Inc,25109,23500,1609
"Durbin, Dick","Bartlit, Beck et al",19325,0,19325
"Durbin, Dick","Gori, Julian & Assoc",42525,0,42525
"Durbin, Dick",Cooney & Conway,158133,0,158133
"Durbin, Dick",Apollo Global Management,24843,0,24843
"Durbin, Dick",Simmons Law Firm,24950,0,24950
"Durbin, Dick",Wine & Spirits Wholesalers of America,25000,25000,0
"Durbin, Dick",Physicians Mutual Insurance,25000,25000,0
"Durbin, Dick",National Assn of Home Builders,25000,25000,0
"Durbin, Dick",RTX Corp,25030,25000,30
"Durbin, Dick",Alzheimer's Assn,25078,15000,10078
"Durbin, Dick",Delta Air Lines,25114,25000,114
"Durbin, Dick",J Street,25765,7000,18765
"Durbin, Dick",American Seniors Housing Assn,26000,26000,0
"Durbin, Dick",Deloitte LLP,26010,25000,1010
"Durbin, Dick",American Assn for Justice,27003,25000,2003
"Durbin, Dick",National Assn of Real Estate Investment Trusts,27500,27500,0
"Durbin, Dick",Cboe Global Markets,27560,22500,5060
"Durbin, Dick",American Hospital Assn,28053,27500,553
"Durbin, Dick",Walmart Inc,28672,27000,1672
"Durbin, Dick",Best Buy,29700,19000,10700
"Durbin, Dick","Londrigan, Potter & Randle",29711,0,29711
"Durbin, Dick",CSX Corp,30000,30000,0
"Durbin, Dick",University of Chicago,30015,0,30015
"Durbin, Dick",Union Pacific Corp,30065,30000,65
"Durbin, Dick",Power Rogers LLP,172299,0,172299
"Durbin, Dick",Boeing Co,30387,28500,1887
"Durbin, Dick",Northwestern University,24080,0,24080
"Durbin, Dick",National Air Traffic Controllers Assn,24000,24000,0
"Durbin, Dick",American Institute of CPAs,19500,19500,0
"Durbin, Dick",Lettuce Entertain You,19599,0,19599
"Durbin, Dick",Martin Defense Group,20000,0,20000
"Durbin, Dick",National Assn of Convenience Stores,20010,20000,10
"Durbin, Dick",International Brotherhood of Electrical Workers,20070,20000,70
"Durbin, Dick",Raytheon Technologies,20083,19000,1083
"Durbin, Dick",UFCW Local 881,20224,20000,224
"Durbin, Dick",Service Employees International Union,20390,15000,5390
"Durbin, Dick",Pan Am Equities,20800,0,20800
"Durbin, Dick",American Council of Engineering Cos,21000,21000,0
"Durbin, Dick",League of Conservation Voters,21329,12528,8801
"Durbin, Dick",Willis Towers Watson,21488,0,21488
"Durbin, Dick",HLP&R Advocacy,21800,0,21800
"Durbin, Dick","City of Chicago, IL",21870,0,21870
"Durbin, Dick","Sheet Metal, Air, Rail & Transportation Union",22000,18500,3500
"Durbin, Dick",American Airlines,22212,16000,6212
"Durbin, Dick",National Restaurant Assn,22500,22500,0
"Durbin, Dick",Cullinan Properties,22760,0,22760
"Durbin, Dick",KKP Group,23012,0,23012
"Durbin, Dick",National Assn of Letter Carriers,23500,23500,0
"Durbin, Dick",General Motors,23603,23500,103
"Durbin, Dick",Target Corp,24023,24000,23
"Durbin, Dick",GCM Grosvenor,30400,0,30400
"Durbin, Dick",Sidley Austin LLP,24129,0,24129
"Durbin, Dick",Peter G Peterson Foundation,30600,0,30600
"Durbin, Dick",Northrop Grumman,42776,41000,1776
"Durbin, Dick",University of Illinois,42935,0,42935
"Durbin, Dick",National Assn of Broadcasters,44500,28000,16500
"Durbin, Dick",National Beer Wholesalers Assn,45000,45000,0
"Durbin, Dick",Driscoll Firm,47100,0,47100
"Durbin, Dick",AAR Corp,47299,4400,42899
"Durbin, Dick","Salvi, Schostok & Pritchard",48850,0,48850
"Durbin, Dick",United Airlines Holdings,49567,10000,39567
"Durbin, Dick",Votesane PAC,51600,0,51600
"Durbin, Dick",MacAndrews & Forbes,56200,20000,36200
"Durbin, Dick","Cook, Bartholomew et al",56830,0,56830
"Durbin, Dick",General Dynamics,62175,38500,23675
"Durbin, Dick",Korein Tillery Llc,62700,0,62700
"Durbin, Dick",CME Group,64113,40000,24113
"Durbin, Dick",Comcast Corp,64121,40000,24121
"Durbin, Dick",Kirkland & Ellis,77751,0,77751
"Durbin, Dick",State of Illinois,90685,0,90685
"Durbin, Dick","Keefe, Keefe & Unsell",106800,0,106800
"Durbin, Dick",Clifford Law Offices,114000,0,114000
"Durbin, Dick",Simmons Hanly Conroy,152650,0,152650
"Durbin, Dick",NCTA The Internet & Television Assn,30500,30000,500
"Durbin, Dick",BAE Systems,42469,23500,18969
"Durbin, Dick",Jenner & Block,41751,0,41751
"Durbin, Dick",Corboy & Demetrio,54320,0,54320
"Durbin, Dick",Honeywell International,40056,31000,9056
"Durbin, Dick",Berkshire Hathaway,41254,37500,3754
"Durbin, Dick",Abelson Taylor,30990,0,30990
"Durbin, Dick",Woodbranch Investments,31800,0,31800
"Durbin, Dick",Livingston Group,32000,0,32000
"Durbin, Dick",General Atomics,32150,17000,15150
"Durbin, Dick",Blue Cross/Blue Shield,32160,30000,2160
"Durbin, Dick",American Federation of Teachers,32225,31000,1225
"Durbin, Dick",Microsoft Corp,32470,20500,11970
"Durbin, Dick",American Hotel & Lodging Assn,32500,32500,0
"Durbin, Dick",Lockheed Martin,32509,32500,9
"Durbin, Dick",National Education Assn,32768,32000,768
"Durbin, Dick",Baker & McKenzie,30732,0,30732
"Durbin, Dick",International Assn of Fire Fighters,35000,35000,0
"Durbin, Dick",Norfolk Southern,35060,35000,60
"Durbin, Dick",Huntington Ingalls Industries,36000,36000,0
"Durbin, Dick",Home Depot,37094,35000,2094
"Durbin, Dick",MRHFM Law Firm,37282,0,37282
"Durbin, Dick",United Parcel Service,37488,35000,2488
"Durbin, Dick",National Multifamily Housing Council,37500,37500,0
"Durbin, Dick","Hurley, McKenna & Mertz",38900,0,38900
"Durbin, Dick",National Assn of Realtors,39575,34000,5575
"Durbin, Dick",Air Line Pilots Assn,34069,31500,2569
"Ernst, Joni",Capital Group Companies,27925,12500,15425
"Ernst, Joni",NorPAC,29000,0,29000
"Ernst, Joni",Charles Schwab Corp,28939,1500,27439
"Ernst, Joni",Apollo Global Management,28565,0,28565
"Ernst, Joni",Equinox Partners,28100,0,28100
"Ernst, Joni",UBS AG,28259,15000,13259
"Ernst, Joni",Deloitte LLP,28199,22500,5699
"Ernst, Joni",Dian Graves Owen Foundation,28100,0,28100
"Ernst, Joni",Goldman Sachs,29125,13500,15625
"Ernst, Joni",Putnam Investments,28362,1062,27300
"Ernst, Joni",Brownells Inc,29400,0,29400
"Ernst, Joni",JSC Properties,31000,0,31000
"Ernst, Joni",Cleveland Browns,30600,0,30600
"Ernst, Joni",Northwest Excavating,30800,0,30800
"Ernst, Joni",Ariel Corp,30900,0,30900
"Ernst, Joni",Growth Energy,31000,30000,1000
"Ernst, Joni",Equity Dynamics Inc,31000,0,31000
"Ernst, Joni",Cbe Companies,31050,0,31050
"Ernst, Joni",Chilton Investments,31200,0,31200
"Ernst, Joni",Iowa Select Farms,31250,0,31250
"Ernst, Joni",Baker Botts LLP,31385,0,31385
"Ernst, Joni",1st Financial Bank USA,30450,0,30450
"Ernst, Joni",Hy-Vee Inc,27373,15000,12373
"Ernst, Joni",Bayer AG,22851,20000,2851
"Ernst, Joni",Westrock Capital Partners,26500,0,26500
"Ernst, Joni",Teton Capital,22900,0,22900
"Ernst, Joni",Versova Management,23051,0,23051
"Ernst, Joni",First Republic Bank,23100,0,23100
"Ernst, Joni",Bill & Melinda Gates Foundation,23200,0,23200
"Ernst, Joni",Arbiter Partners,23400,0,23400
"Ernst, Joni",Freeman Spogli & Co,23800,0,23800
"Ernst, Joni",Blue Cross/Blue Shield,24083,12000,12083
"Ernst, Joni",Wells Enterprises,24100,0,24100
"Ernst, Joni",Village Properties,24300,0,24300
"Ernst, Joni",Occidental Petroleum,24469,4000,20469
"Ernst, Joni",Prestage Farms,24500,0,24500
"Ernst, Joni",Shine Brothers Corp,25000,0,25000
"Ernst, Joni",Kinze Manufacturing,25100,0,25100
"Ernst, Joni",Lmbi Lp,25200,0,25200
"Ernst, Joni",Berkshire Partners,25400,0,25400
"Ernst, Joni",Magnolia Oil & Gas,25500,0,25500
"Ernst, Joni",Invus Group,25600,0,25600
"Ernst, Joni",PricewaterhouseCoopers,25664,20000,5664
"Ernst, Joni",Publix Super Markets,25779,5000,20779
"Ernst, Joni",Charter Communications,25856,22500,3356
"Ernst, Joni",Kirkland & Ellis,26060,0,26060
"Ernst, Joni",BGR Group,27300,0,27300
"Ernst, Joni",Republican Jewish Coalition,31752,7003,24749
"Ernst, Joni",Lockheed Martin,31428,25000,6428
"Ernst, Joni",Susan B Anthony List,32735,5000,27735
"Ernst, Joni",Bluff Point Assoc,41200,0,41200
"Ernst, Joni",HJ Kalikow & Co,42000,0,42000
"Ernst, Joni",Alphabet Inc,43518,35000,8518
"Ernst, Joni",American Bankers Assn,43620,40000,3620
"Ernst, Joni",National Republican Senatorial Cmte,44638,44600,38
"Ernst, Joni",Northrop Grumman,44828,37500,7328
"Ernst, Joni",Kirke Financial Services,45780,0,45780
"Ernst, Joni",Klinger Companies,46100,0,46100
"Ernst, Joni",KapStone Paper & Packaging,47050,0,47050
"Ernst, Joni",NASCAR,48701,2500,46201
"Ernst, Joni",Terra Industries,41200,0,41200
"Ernst, Joni",NextEra Energy,50500,16000,34500
"Ernst, Joni",Doll Distributing,54600,0,54600
"Ernst, Joni",Renaissance Technologies,55800,0,55800
"Ernst, Joni",McAninch Corp,55800,0,55800
"Ernst, Joni",Raytheon Technologies,59660,14500,45160
"Ernst, Joni",Poet LLC,60600,20000,40600
"Ernst, Joni",Osmundson Manufacturing,60600,0,60600
"Ernst, Joni",Duty Free Americas,71600,0,71600
"Ernst, Joni",Blackstone Group,76583,0,76583
"Ernst, Joni",Berkshire Hathaway,102058,30000,72058
"Ernst, Joni",Votesane PAC,103200,0,103200
"Ernst, Joni",Great Point Partners,53200,0,53200
"Ernst, Joni",FedEx Corp,41178,24500,16678
"Ernst, Joni",RTX Corp,31940,20500,11440
"Ernst, Joni",Cavalry Asset Management,41000,0,41000
"Ernst, Joni",Mountaire Corp,41020,0,41020
"Ernst, Joni",Chemorse Ltd,32950,0,32950
"Ernst, Joni",United Parcel Service,33746,29500,4246
"Ernst, Joni",Ruan Companies,34100,5000,29100
"Ernst, Joni","Welsh, Carson et al",34400,0,34400
"Ernst, Joni",Honeywell International,34611,30500,4111
"Ernst, Joni",Otis Eastern,34773,0,34773
"Ernst, Joni",Apollo,35000,0,35000
"Ernst, Joni",IBM Corp,35321,0,35321
"Ernst, Joni",Tigerrisk Partners,35400,0,35400
"Ernst, Joni",Prescott Investors,35650,0,35650
"Ernst, Joni",Home Depot,32794,25000,7794
"Ernst, Joni",Kendall Hunt Publishing,36200,0,36200
"Ernst, Joni",Union Pacific Corp,36705,32500,4205
"Ernst, Joni",Permira,37650,0,37650
"Ernst, Joni",Denny Elwell Co,38052,0,38052
"Ernst, Joni",Elliott Management,38300,0,38300
"Ernst, Joni",Comcast Corp,38926,35000,3926
"Ernst, Joni",Croell Inc,39500,0,39500
"Ernst, Joni",Sukup Manufacturing,39949,0,39949
"Ernst, Joni",Davison Transport,40800,0,40800
"Ernst, Joni",Bartlett Grain,40800,0,40800
"Ernst, Joni",Tmc Transportation,41000,0,41000
"Ernst, Joni",Wells Fargo,36062,10000,26062
"Feinstein, Dianne",NCTA The Internet & Television Assn,25000,25000,0
"Feinstein, Dianne",California Dairies Inc,25000,25000,0
"Feinstein, Dianne",Molina Healthcare,25300,4500,20800
"Feinstein, Dianne","Casey, Gerry et al",28650,0,28650
"Feinstein, Dianne",Clean Energy Fuels Corp,26000,0,26000
"Feinstein, Dianne","Manatt, Phelps & Phillips",27500,6700,20800
"Feinstein, Dianne",American Hotel & Lodging Assn,27500,27500,0
"Feinstein, Dianne",Ernst & Young,28000,27000,1000
"Feinstein, Dianne",Yocha Dehe Wintun Nation,25400,0,25400
"Feinstein, Dianne",San Francisco Unified School District,24440,0,24440
"Feinstein, Dianne",Business Matters in the Visual Arts,23350,0,23350
"Feinstein, Dianne",Law Offices of Frederick H Graefe,23850,0,23850
"Feinstein, Dianne",Microsoft Corp,23816,10000,13816
"Feinstein, Dianne",Parsons Corp,23500,23500,0
"Feinstein, Dianne",Amazon.com,23337,10000,13337
"Feinstein, Dianne",Aetna Inc,22600,0,22600
"Feinstein, Dianne",E&J Gallo Winery,22000,0,22000
"Feinstein, Dianne",Langelier Co,21600,0,21600
"Feinstein, Dianne",Lionsgate,21600,0,21600
"Feinstein, Dianne",Democracy Engine,28699,0,28699
"Feinstein, Dianne",Wonderful Co,24300,0,24300
"Feinstein, Dianne",McStrauss Co,30000,0,30000
"Feinstein, Dianne",Intel Corp,38310,27500,10810
"Feinstein, Dianne",Pechanga Band of Luiseno Mission Indians,30600,0,30600
"Feinstein, Dianne",EMILY's List,108450,10000,98450
"Feinstein, Dianne",PG&E Corp,82476,37416,45060
"Feinstein, Dianne",Edison International,80412,23400,57012
"Feinstein, Dianne",General Dynamics,51520,26000,25520
"Feinstein, Dianne",AT&T Inc,51022,42000,9022
"Feinstein, Dianne",General Atomics,49025,21500,27525
"Feinstein, Dianne",Pisces Inc,45900,0,45900
"Feinstein, Dianne",Northrop Grumman,45348,38500,6848
"Feinstein, Dianne",JPMorgan Chase & Co,42300,0,42300
"Feinstein, Dianne",University of California,42033,0,42033
"Feinstein, Dianne",Qualcomm Inc,30110,8500,21610
"Feinstein, Dianne",SpaceX,41600,20000,21600
"Feinstein, Dianne",Valor Equity Partners,21600,0,21600
"Feinstein, Dianne",Holland & Knight,38150,14500,23650
"Feinstein, Dianne",Comcast Corp,37905,25000,12905
"Feinstein, Dianne","Akin, Gump et al",36152,3250,32902
"Feinstein, Dianne",Honeywell International,36000,36000,0
"Feinstein, Dianne",Walt Disney Co,35925,16750,19175
"Feinstein, Dianne",Estee Lauder Companies,34400,0,34400
"Feinstein, Dianne",Salesforce.Com,33388,1000,32388
"Feinstein, Dianne",JStreetPAC,32400,0,32400
"Feinstein, Dianne","Baker, Donelson et al",31000,9500,21500
"Feinstein, Dianne",Vail Resorts,40010,25000,15010
"Feinstein, Dianne",National Assn of Broadcasters,21500,21500,0
"Feinstein, Dianne",High Speed Productions,19267,0,19267
"Feinstein, Dianne","City & County of San Francisco, CA",21013,0,21013
"Feinstein, Dianne",Home Depot,15760,15000,760
"Feinstein, Dianne",American Hospital Assn,15500,15000,500
"Feinstein, Dianne",Invariant LLC,15400,0,15400
"Feinstein, Dianne",Museum of Modern Art,15400,0,15400
"Feinstein, Dianne",Blum Capital Partners,15360,0,15360
"Feinstein, Dianne",Amys Kitchen,15200,0,15200
"Feinstein, Dianne",Broadcom Inc,15008,3700,11308
"Feinstein, Dianne",America's Credit Unions,15000,14000,1000
"Feinstein, Dianne",American Institute of CPAs,15000,15000,0
"Feinstein, Dianne",Sempra Energy,15000,15000,0
"Feinstein, Dianne",Pacific Foods,14600,0,14600
"Feinstein, Dianne",Deloitte LLP,14500,12500,2000
"Feinstein, Dianne",Forbes Tate Partners,14500,0,14500
"Feinstein, Dianne",L3Harris Technologies,14500,14500,0
"Feinstein, Dianne",Visa Inc,14500,14500,0
"Feinstein, Dianne",Van Scoyoc Assoc,14055,4055,10000
"Feinstein, Dianne",Lockheed Martin,14010,13000,1010
"Feinstein, Dianne",Santa Ynez Band of Chumash Indians,14000,0,14000
"Feinstein, Dianne","Munger, Tolles & Olson",13900,0,13900
"Feinstein, Dianne",Amgen Inc,13695,12500,1195
"Feinstein, Dianne","Pillsbury, Winthrop et al",13300,0,13300
"Feinstein, Dianne",Summit Foundation,15800,0,15800
"Feinstein, Dianne",Marcus & Millichap,15800,0,15800
"Feinstein, Dianne",Boeing Co,16020,15000,1020
"Feinstein, Dianne",Zacky Farms,16200,0,16200
"Feinstein, Dianne",Facebook Inc,20846,10000,10846
"Feinstein, Dianne",Delta Air Lines,20805,10000,10805
"Feinstein, Dianne",National Assn of Realtors,20500,20000,500
"Feinstein, Dianne",CBRE Group,20260,0,20260
"Feinstein, Dianne",Oaktree Capital Management,20200,0,20200
"Feinstein, Dianne",Raytheon Co,20010,20000,10
"Feinstein, Dianne",AmerisourceBergen Corp,20000,20000,0
"Feinstein, Dianne",Driscoll Berry,20000,0,20000
"Feinstein, Dianne",DISH Network,19900,1000,18900
"Feinstein, Dianne",Girardi & Keese,19200,0,19200
"Feinstein, Dianne",Blue Cross/Blue Shield,21120,20000,1120
"Feinstein, Dianne","Kleiner, Perkins et al",18900,0,18900
"Feinstein, Dianne",Citigroup Inc,18590,17000,1590
"Feinstein, Dianne",Covington & Burling,16750,10000,6750
"Feinstein, Dianne",Merck & Co,16500,14500,2000
"Feinstein, Dianne",National Air Traffic Controllers Assn,16500,16500,0
"Feinstein, Dianne",Motion Picture Assn,16400,5500,10900
"Feinstein, Dianne",Charter Communications,16250,16000,250
"Feinstein, Dianne",Allied Wallet,16200,0,16200
"Feinstein, Dianne",Broad Foundation,16200,0,16200
"Feinstein, Dianne",Permira Advisers,16200,0,16200
"Feinstein, Dianne","Aitken, Aitken & Cohn",13500,0,13500
"Feinstein, Dianne",US Dept of Justice,18700,0,18700
"Feinstein, Dianne","Robbins, Geller et al",16200,0,16200
"Feinstein, Dianne",Clinton Reilly Holdings,13500,0,13500
"Fischer, Deb",Berkshire Hathaway,63650,43000,20650
"Fischer, Deb",Telephone & Data Systems Inc,29000,29000,0
"Fischer, Deb",General Dynamics,28000,28000,0
"Fischer, Deb",Microsoft Corp,28000,28000,0
"Fischer, Deb",Matson Inc,27950,8000,19950
"Fischer, Deb",United Parcel Service,27500,27500,0
"Fischer, Deb",National Tank Truck Carriers Inc,26000,26000,0
"Fischer, Deb",Old Dominion Freight Line,25500,25500,0
"Fischer, Deb",Elliott Management,25300,0,25300
"Fischer, Deb",Hawkins Construction,25200,0,25200
"Fischer, Deb",Merck & Co,25000,25000,0
"Fischer, Deb",FedEx Corp,24505,24500,5
"Fischer, Deb",Federal Aviation Admin Managers Assn,24500,24500,0
"Fischer, Deb",National Assn of Broadcasters,23500,22500,1000
"Fischer, Deb",RTX Corp,23500,23500,0
"Fischer, Deb",DISH Network,23100,12300,10800
"Fischer, Deb",National Assn of Convenience Stores,22500,22500,0
"Fischer, Deb",Abbott Laboratories,21330,1000,20330
"Fischer, Deb",American Bankers Assn,21000,21000,0
"Fischer, Deb",NTCA/Rural Broadband Assn,20950,20950,0
"Fischer, Deb",NorPAC,20650,0,20650
"Fischer, Deb",Wine & Spirits Wholesalers of America,20500,20500,0
"Fischer, Deb",Charter Communications,29000,29000,0
"Fischer, Deb",Air Line Pilots Assn,29000,29000,0
"Fischer, Deb",National Cattlemen's Beef Assn,30000,21000,9000
"Fischer, Deb",American Trucking Assns,30000,29000,1000
"Fischer, Deb",Comcast Corp,52412,36000,16412
"Fischer, Deb",Walmart Inc,15000,15000,0
"Fischer, Deb",Home Depot,45003,45000,3
"Fischer, Deb",Cox Enterprises,43750,19500,24250
"Fischer, Deb",CSX Corp,43250,37500,5750
"Fischer, Deb",Blue Cross/Blue Shield,42824,34500,8324
"Fischer, Deb",Lockheed Martin,42005,41000,1005
"Fischer, Deb",Tenaska Inc,41400,10500,30900
"Fischer, Deb",NCTA The Internet & Television Assn,41000,40000,1000
"Fischer, Deb",T-Mobile USA,41000,41000,0
"Fischer, Deb",Growth Energy,20000,20000,0
"Fischer, Deb",National Multifamily Housing Council,40000,40000,0
"Fischer, Deb",Werner Enterprises,37200,33500,3700
"Fischer, Deb",Delta Air Lines,36310,12500,23810
"Fischer, Deb",American Hotel & Lodging Assn,36000,36000,0
"Fischer, Deb",Honeywell International,35010,35000,10
"Fischer, Deb",Norfolk Southern,35000,35000,0
"Fischer, Deb",Poet LLC,35000,22500,12500
"Fischer, Deb",NelNet Inc,34700,33700,1000
"Fischer, Deb",Deloitte LLP,34275,32500,1775
"Fischer, Deb",Seafarers International Union,31250,31250,0
"Fischer, Deb",HDR Inc,30500,30500,0
"Fischer, Deb",AT&T Inc,38500,37500,1000
"Fischer, Deb",National Beer Wholesalers Assn,20000,20000,0
"Fischer, Deb",Northrop Grumman,77575,41000,36575
"Fischer, Deb",Pfizer Inc,20000,20000,0
"Fischer, Deb",Google Inc,16500,16500,0
"Fischer, Deb",National Assn of Realtors,16500,16500,0
"Fischer, Deb",Kirby Corp,16400,11000,5400
"Fischer, Deb","Hagan, Noll & Boyle",16200,0,16200
"Fischer, Deb",Jane Street Capital,16200,0,16200
"Fischer, Deb",Green Plains,16050,0,16050
"Fischer, Deb",National Pork Producers Council,16000,16000,0
"Fischer, Deb",PricewaterhouseCoopers,16000,15000,1000
"Fischer, Deb",Transportation Intermediaries Assn,16000,16000,0
"Fischer, Deb",CropLife America,15500,15500,0
"Fischer, Deb",Williams & Jensen,15349,2000,13349
"Fischer, Deb",Farmers' Rice Cooperative,15300,14800,500
"Fischer, Deb",Automotive Free International Trade PAC,15000,15000,0
"Fischer, Deb","Becton, Dickinson & Co",15000,14000,1000
"Fischer, Deb",Crowley Maritime,15000,11000,4000
"Fischer, Deb",Free State PAC,15000,15000,0
"Fischer, Deb",Independent Insurance Agents & Brokers of America,15000,15000,0
"Fischer, Deb",Liquid Energy Pipeline Assn,15000,15000,0
"Fischer, Deb",National Republican Senatorial Cmte,15000,15000,0
"Fischer, Deb",New York Life Insurance,15000,15000,0
"Fischer, Deb",Sinclair Broadcast Group,15000,0,15000
"Fischer, Deb",AFLAC Inc,60350,32500,27850
"Fischer, Deb",Husch Blackwell LLP,16975,13500,3475
"Fischer, Deb",Consumer Bankers Assn,16800,16800,0
"Fischer, Deb",Kutak Rock LLP,17200,12000,5200
"Fischer, Deb",Union Pacific Corp,120601,38500,82101
"Fischer, Deb",Republican Majority Fund,20000,20000,0
"Fischer, Deb",Value in Electing Women PAC,20000,20000,0
"Fischer, Deb",Mutual of Omaha,19550,17500,2050
"Fischer, Deb",Home Instead Senior Care,19500,0,19500
"Fischer, Deb",National Rural Electric Cooperative Assn,19500,19500,0
"Fischer, Deb",Owner-Operator Independent Drivers Assn,19500,19500,0
"Fischer, Deb",Schneider National,19500,19500,0
"Fischer, Deb",Southern Co,19500,19500,0
"Fischer, Deb",Eggers Consulting,17050,0,17050
"Fischer, Deb",1st Financial Bank USA,19364,0,19364
"Fischer, Deb",BGR Group,18662,1162,17500
"Fischer, Deb",Lumen Technologies,18505,18500,5
"Fischer, Deb",Dinkel Implement,18500,0,18500
"Fischer, Deb",Huntington Ingalls Industries,18500,18500,0
"Fischer, Deb",Association of Oil Pipe Lines,18400,18400,0
"Fischer, Deb",Nebraska Farm Bureau,18100,16000,2100
"Fischer, Deb",Verizon Communications,18000,17500,500
"Fischer, Deb",General Motors,17625,17000,625
"Fischer, Deb",International Paper,17500,16500,1000
"Fischer, Deb",TC Energy,17500,17500,0
"Fischer, Deb",Independent Community Bankers of America,19000,19000,0
"Fischer, Deb",Kiewit Corp,52600,0,52600
"Gillibrand, Kirsten","Boies, Schiller & Flexner",222379,0,222379
"Gillibrand, Kirsten","Davis, Polk & Wardwell",226605,0,226605
"Gillibrand, Kirsten","Akin, Gump et al",101408,2908,98500
"Gillibrand, Kirsten",Durst Organization,18200,0,18200
"Gillibrand, Kirsten",Bank of America,42813,0,42813
"Gillibrand, Kirsten",UBS AG,39880,20000,19880
"Gillibrand, Kirsten",Milbank LLP,39085,0,39085
"Gillibrand, Kirsten","Skadden, Arps et al",38958,0,38958
"Gillibrand, Kirsten",Stanford University,38699,0,38699
"Gillibrand, Kirsten",United Talent Agency,37518,0,37518
"Gillibrand, Kirsten","Kramer, Levin et al",37484,0,37484
"Gillibrand, Kirsten",York Capital Management,37475,0,37475
"Gillibrand, Kirsten",Cooley Llp,36453,0,36453
"Gillibrand, Kirsten",Planned Parenthood,44205,5508,38697
"Gillibrand, Kirsten",JPMorgan Chase & Co,36169,0,36169
"Gillibrand, Kirsten",Citigroup Inc,35815,11000,24815
"Gillibrand, Kirsten",Puma Springs Vineyards,35800,0,35800
"Gillibrand, Kirsten",Evercore,35050,0,35050
"Gillibrand, Kirsten",Beach Point Capital Management,35000,0,35000
"Gillibrand, Kirsten","Fried, Frank et al",34310,0,34310
"Gillibrand, Kirsten",Goldman Sachs,32503,5000,27503
"Gillibrand, Kirsten",ICM Partners,31403,0,31403
"Gillibrand, Kirsten",Columbia University,31152,0,31152
"Gillibrand, Kirsten",Centerbridge Partners,30800,0,30800
"Gillibrand, Kirsten",Comcast Corp,35991,10000,25991
"Gillibrand, Kirsten","Paul, Weiss et al",164408,0,164408
"Gillibrand, Kirsten",Wirtz Corp,46416,0,46416
"Gillibrand, Kirsten","Willkie, Farr & Gallagher",47763,0,47763
"Gillibrand, Kirsten",Corning Inc,90088,16000,74088
"Gillibrand, Kirsten",Pfizer Inc,85347,15000,70347
"Gillibrand, Kirsten",Sullivan & Cromwell,83433,0,83433
"Gillibrand, Kirsten",Sidley Austin LLP,75847,0,75847
"Gillibrand, Kirsten","Gibson, Dunn & Crutcher",75582,5000,70582
"Gillibrand, Kirsten",Womencount PAC,74430,5,74425
"Gillibrand, Kirsten",Marsh & McLennan,70160,20000,50160
"Gillibrand, Kirsten",Alphabet Inc,66577,14000,52577
"Gillibrand, Kirsten",Kirkland & Ellis,65159,0,65159
"Gillibrand, Kirsten",Latham & Watkins,61065,0,61065
"Gillibrand, Kirsten",Arnold & Porter Kaye Scholer,60110,5000,55110
"Gillibrand, Kirsten",AT&T Inc,57673,2000,55673
"Gillibrand, Kirsten",HBJ Investments,55700,0,55700
"Gillibrand, Kirsten",New York Life Insurance,53245,20000,33245
"Gillibrand, Kirsten",Carlyle Group,50800,0,50800
"Gillibrand, Kirsten",Emily's List,50131,10000,40131
"Gillibrand, Kirsten",Lazard Ltd,50080,0,50080
"Gillibrand, Kirsten",Estee Lauder Companies,49370,0,49370
"Gillibrand, Kirsten",Blackstone Group,48090,0,48090
"Gillibrand, Kirsten","Quinn, Emanuel et al",48055,0,48055
"Gillibrand, Kirsten","Simpson, Thacher & Bartlett",47985,0,47985
"Gillibrand, Kirsten","City of New York, NY",30735,0,30735
"Gillibrand, Kirsten","Wachtell, Lipton et al",104733,0,104733
"Gillibrand, Kirsten",Harvard University,30676,0,30676
"Gillibrand, Kirsten",BTQ Financial,29150,0,29150
"Gillibrand, Kirsten",Susman Godfrey Llp,20450,0,20450
"Gillibrand, Kirsten",Law Offices of Jane C Bergner,20400,0,20400
"Gillibrand, Kirsten",Delaware North Companies,20305,5400,14905
"Gillibrand, Kirsten",Human Rights Watch,20200,0,20200
"Gillibrand, Kirsten",Bertelsmann AG,20086,0,20086
"Gillibrand, Kirsten",Metropolitan Museum of Art,20058,0,20058
"Gillibrand, Kirsten","Kramer, Dillof et al",20015,0,20015
"Gillibrand, Kirsten",National Assn of Letter Carriers,20008,20000,8
"Gillibrand, Kirsten",National Assn of Real Estate Investment Trusts,20000,20000,0
"Gillibrand, Kirsten",Peirson & Patterson,21000,0,21000
"Gillibrand, Kirsten",National Multifamily Housing Council,20000,20000,0
"Gillibrand, Kirsten",Rutgers University,19842,0,19842
"Gillibrand, Kirsten",Massachusetts Mutual Life Insurance,19620,19000,620
"Gillibrand, Kirsten",League of Conservation Voters,19201,11655,7546
"Gillibrand, Kirsten",White & Case,19119,0,19119
"Gillibrand, Kirsten","Bartlit, Beck et al",19017,0,19017
"Gillibrand, Kirsten",Coming Inc,18985,0,18985
"Gillibrand, Kirsten","Cravath, Swaine & Moore",18826,0,18826
"Gillibrand, Kirsten",Harnisch Foundation,18550,0,18550
"Gillibrand, Kirsten",KPMG LLP,18435,16000,2435
"Gillibrand, Kirsten",Kreindler & Kreindler,19900,0,19900
"Gillibrand, Kirsten",Cornell University,21206,0,21206
"Gillibrand, Kirsten",Fisher Brothers,21613,0,21613
"Gillibrand, Kirsten",Jackson Lewis PC,21703,4000,17703
"Gillibrand, Kirsten",Nasdaq Inc,28939,7000,21939
"Gillibrand, Kirsten",State of New York,28680,0,28680
"Gillibrand, Kirsten",Microsoft Corp,28239,7500,20739
"Gillibrand, Kirsten","Lieff, Cabraser et al",27525,0,27525
"Gillibrand, Kirsten",National Amusements Inc,27489,1000,26489
"Gillibrand, Kirsten",City University of New York,26501,0,26501
"Gillibrand, Kirsten",Warland Investments,26500,0,26500
"Gillibrand, Kirsten",Bill & Melinda Gates Foundation,25450,0,25450
"Gillibrand, Kirsten",American Federation of Teachers,25390,25000,390
"Gillibrand, Kirsten",Magnolia Mae Films,24800,0,24800
"Gillibrand, Kirsten",Capital Group Companies,24505,5000,19505
"Gillibrand, Kirsten",Walt Disney Co,24147,2500,21647
"Gillibrand, Kirsten",New York University,23961,0,23961
"Gillibrand, Kirsten",Debevoise & Plimpton,23715,0,23715
"Gillibrand, Kirsten",Observatory Group,23300,0,23300
"Gillibrand, Kirsten",Altice Usa,23206,5000,18206
"Gillibrand, Kirsten",Barclays,22710,2000,20710
"Gillibrand, Kirsten",Coca-Cola Co,22471,6500,15971
"Gillibrand, Kirsten",Jones Day,22018,0,22018
"Gillibrand, Kirsten",Freshfields Bruckhaus Deringer Llp,21925,0,21925
"Gillibrand, Kirsten",AXA,21895,0,21895
"Gillibrand, Kirsten",International Brotherhood of Electrical Workers,30281,30000,281
"Gillibrand, Kirsten",Morgan Stanley,44743,0,44743
"Graham, Lindsey",Pinnacle West Capital,32426,27500,4926
"Graham, Lindsey",Republican Jewish Coalition,110794,8239,102555
"Graham, Lindsey",CSX Corp,42168,40000,2168
"Graham, Lindsey",HJ Kalikow & Co,42000,0,42000
"Graham, Lindsey",Deloitte LLP,40906,27000,13906
"Graham, Lindsey",Parsons Corp,40185,40000,185
"Graham, Lindsey",Fluor Corp,39625,22000,17625
"Graham, Lindsey",Simms Commercial Development,38900,0,38900
"Graham, Lindsey",Charter Communications,38819,36500,2319
"Graham, Lindsey",Walmart Inc,37946,18500,19446
"Graham, Lindsey",Southern Co,37189,34000,3189
"Graham, Lindsey",Sequoia Capital,42200,0,42200
"Graham, Lindsey",General Dynamics,37155,28000,9155
"Graham, Lindsey",American Dental Assn,36750,35000,1750
"Graham, Lindsey",Home Depot,35478,25000,10478
"Graham, Lindsey",Delta Air Lines,35453,10000,25453
"Graham, Lindsey",Oracle Corp,34604,2500,32104
"Graham, Lindsey",IBM Corp,34173,0,34173
"Graham, Lindsey",Union Pacific Corp,34073,33000,1073
"Graham, Lindsey",Verizon Communications,33403,20000,13403
"Graham, Lindsey",US Army,32762,0,32762
"Graham, Lindsey",Pvs Chemicals,32400,0,32400
"Graham, Lindsey",Honeywell International,37042,30000,7042
"Graham, Lindsey",US Government,42591,0,42591
"Graham, Lindsey",Blackstone Group,43055,0,43055
"Graham, Lindsey",National Assn of Broadcasters,43675,20000,23675
"Graham, Lindsey",Capital Group Companies,82378,19000,63378
"Graham, Lindsey",Comcast Corp,63978,37500,26478
"Graham, Lindsey",Microsoft Corp,62866,32000,30866
"Graham, Lindsey",Boeing Co,62259,30000,32259
"Graham, Lindsey",Northrop Grumman,60957,41500,19457
"Graham, Lindsey",AT&T Inc,60471,33000,27471
"Graham, Lindsey",Berkshire Hathaway,56832,29500,27332
"Graham, Lindsey",United Parcel Service,56066,35000,21066
"Graham, Lindsey",FedEx Corp,51350,27000,24350
"Graham, Lindsey",Blue Cross/Blue Shield,51024,30000,21024
"Graham, Lindsey",MacAndrews & Forbes,49978,25000,24978
"Graham, Lindsey",US Dept of Defense,49263,0,49263
"Graham, Lindsey",Rdl Inc,48600,0,48600
"Graham, Lindsey",Willoughby & Hoefer,46700,0,46700
"Graham, Lindsey",Bank of America,46389,0,46389
"Graham, Lindsey",Wells Fargo,46033,1000,45033
"Graham, Lindsey",NextEra Energy,45951,1000,44951
"Graham, Lindsey",Woodbranch Investments,45400,0,45400
"Graham, Lindsey",GoldenTree Asset Management,45000,0,45000
"Graham, Lindsey",National Republican Senatorial Cmte,44600,44600,0
"Graham, Lindsey",Altria Group,44068,37500,6568
"Graham, Lindsey",Motley Rice LLC,31288,0,31288
"Graham, Lindsey",Parman Capital Group,31200,0,31200
"Graham, Lindsey",Norfolk Southern,31170,30000,1170
"Graham, Lindsey",US Air Force,30881,0,30881
"Graham, Lindsey",DCI Group,24825,1000,23825
"Graham, Lindsey",RTX Corp,24752,19000,5752
"Graham, Lindsey",US Dept of Veterans Affairs,24667,0,24667
"Graham, Lindsey",Kaiser Permanente,24499,0,24499
"Graham, Lindsey",General Atomics,24469,10000,14469
"Graham, Lindsey",BAE Systems,24383,20000,4383
"Graham, Lindsey",State Farm Insurance,24251,3000,21251
"Graham, Lindsey",Land O'Lakes,23910,8500,15410
"Graham, Lindsey",Fisher Investments,23855,0,23855
"Graham, Lindsey",Texas Children's Hospital,23653,0,23653
"Graham, Lindsey",US Navy,23465,0,23465
"Graham, Lindsey","Akin, Gump et al",23445,8000,15445
"Graham, Lindsey",General Motors,23419,13500,9919
"Graham, Lindsey",Cerberus Capital Management,23355,16500,6855
"Graham, Lindsey",News Corp,23349,7000,16349
"Graham, Lindsey",State of California,23289,0,23289
"Graham, Lindsey","Beasley, Allen et al",23000,0,23000
"Graham, Lindsey",McDonald's Corp,22668,2500,20168
"Graham, Lindsey",SAIC,22435,14500,7935
"Graham, Lindsey",International Paper,22225,20000,2225
"Graham, Lindsey",Publix Super Markets,22052,10000,12052
"Graham, Lindsey",American Hotel & Lodging Assn,25000,25000,0
"Graham, Lindsey","Nelson, Mullins et al",96609,35000,61609
"Graham, Lindsey",UnitedHealth Group,25867,12500,13367
"Graham, Lindsey",Amazon.com,25932,6000,19932
"Graham, Lindsey",National Assn of Realtors,30553,30000,553
"Graham, Lindsey",Exelon Corp,30436,14000,16436
"Graham, Lindsey",US Postal Service,30055,0,30055
"Graham, Lindsey",American Airlines Group,29201,0,29201
"Graham, Lindsey",McDermott International,28711,27951,760
"Graham, Lindsey","Brownstein, Hyatt et al",28700,7500,21200
"Graham, Lindsey",JPMorgan Chase & Co,28641,6000,22641
"Graham, Lindsey",Wirtz Corp,27965,0,27965
"Graham, Lindsey",United Airlines Holdings,27606,0,27606
"Graham, Lindsey",JUUL Labs,27400,0,27400
"Graham, Lindsey",Raytheon Technologies,27216,7000,20216
"Graham, Lindsey",Dominion Energy,27201,25000,2201
"Graham, Lindsey",Westrock Capital Partners,27200,0,27200
"Graham, Lindsey",Duke Energy,27141,15000,12141
"Graham, Lindsey",Charles Schwab Corp,26882,0,26882
"Graham, Lindsey",Apollo Global Management,26756,0,26756
"Graham, Lindsey",AFLAC Inc,26568,25000,1568
"Graham, Lindsey",Fierce Government Relations,26500,0,26500
"Graham, Lindsey",Hunt Consolidated,26400,0,26400
"Graham, Lindsey",Unaka Corp,26000,16000,10000
"Graham, Lindsey",Dell Technologies,25947,15000,10947
"Graham, Lindsey",Truist Financial,25905,5000,20905
"Graham, Lindsey",Lockheed Martin,102450,20000,82450
"Graham, Lindsey",Walt Disney Co,32296,25000,7296
"Grassley, Chuck",Votesane PAC,105500,0,105500
"Grassley, Chuck",Ryan LLC,20600,5000,15600
"Grassley, Chuck",Bernard Marcus Family Foundation,20800,0,20800
"Grassley, Chuck",McKesson Corp,21000,21000,0
"Grassley, Chuck",CVS Health,21050,20500,550
"Grassley, Chuck",Uline Inc,21200,0,21200
"Grassley, Chuck",Poet LLC,21200,14000,7200
"Grassley, Chuck",Amgen Inc,21500,21500,0
"Grassley, Chuck",Ford Motor Co,21625,19000,2625
"Grassley, Chuck",McCoy Group,21900,0,21900
"Grassley, Chuck",Home Depot,22002,22000,2
"Grassley, Chuck",Wells Fargo,22210,9000,13210
"Grassley, Chuck",Wine & Spirits Wholesalers of America,22499,22499,0
"Grassley, Chuck",Microsoft Corp,22500,22500,0
"Grassley, Chuck",Federation of American Hospitals,22500,22500,0
"Grassley, Chuck",American Bankers Assn,22525,22500,25
"Grassley, Chuck",Anthem Inc,23500,23500,0
"Grassley, Chuck",Altria Group,23525,23500,25
"Grassley, Chuck",Oberndorf Enterprises,23600,0,23600
"Grassley, Chuck",Hy-Vee Inc,23725,20000,3725
"Grassley, Chuck",Meredith Corp,23800,9000,14800
"Grassley, Chuck",DaVita Inc,24200,13000,11200
"Grassley, Chuck",General Motors,20500,20500,0
"Grassley, Chuck",Bluff Point Assoc,20400,0,20400
"Grassley, Chuck",UnitedHealth Group,20017,20000,17
"Grassley, Chuck",Hilton Worldwide,20001,20000,1
"Grassley, Chuck",Walmart Inc,18050,18000,50
"Grassley, Chuck",American Assn of Orthopaedic Surgeons,18000,18000,0
"Grassley, Chuck",Principal Financial Group,18275,13000,5275
"Grassley, Chuck",Equity Group Investments,18400,5000,13400
"Grassley, Chuck",Humana Inc,18500,18500,0
"Grassley, Chuck",Centene Corp,18500,13500,5000
"Grassley, Chuck",WPP plc,18800,2000,16800
"Grassley, Chuck",Tiber Creek Group,18800,0,18800
"Grassley, Chuck",Dannenbaum Engineering,18900,0,18900
"Grassley, Chuck",CUNA Mutual Insurance Society,19000,19000,0
"Grassley, Chuck","Brownstein, Hyatt et al",24700,3500,21200
"Grassley, Chuck",American Medical Assn,19000,17500,1500
"Grassley, Chuck",Brownells Inc,19400,0,19400
"Grassley, Chuck",American Chiropractic Assn,19500,19500,0
"Grassley, Chuck",America's Credit Unions,19500,18000,1500
"Grassley, Chuck",Lario Oil & Gas,19700,0,19700
"Grassley, Chuck",Chemorse Ltd,19750,0,19750
"Grassley, Chuck",Promoting Our Republican Team PAC,20000,20000,0
"Grassley, Chuck",National Multifamily Housing Council,20000,20000,0
"Grassley, Chuck",Automotive Free International Trade PAC,20000,20000,0
"Grassley, Chuck",AmerisourceBergen Corp,20000,20000,0
"Grassley, Chuck",American Assn of Nurse Anesthetists,20000,20000,0
"Grassley, Chuck",General Electric,19010,19000,10
"Grassley, Chuck",National Assn of Home Builders,25000,25000,0
"Grassley, Chuck",Northrop Grumman,20544,20500,44
"Grassley, Chuck",Fresenius Medical Care North America,25000,25000,0
"Grassley, Chuck",NASCAR,34700,5000,29700
"Grassley, Chuck",Prudential Financial,35000,35000,0
"Grassley, Chuck","National Stone, Sand & Gravel Assn",35000,35000,0
"Grassley, Chuck",Honeywell International,35000,35000,0
"Grassley, Chuck",Sukup Manufacturing,35900,0,35900
"Grassley, Chuck",American Hospital Assn,36000,36000,0
"Grassley, Chuck",WilmerHale LLP,36150,0,36150
"Grassley, Chuck",National Assn of Real Estate Investment Trusts,36500,36500,0
"Grassley, Chuck",National Beer Wholesalers Assn,37500,37500,0
"Grassley, Chuck",Alston & Bird,37700,8000,29700
"Grassley, Chuck",Apollo Global Management,34025,13500,20525
"Grassley, Chuck",National Auto Dealers Assn,40000,40000,0
"Grassley, Chuck",National Assn of Broadcasters,40000,38000,2000
"Grassley, Chuck",Google Inc,40450,31000,9450
"Grassley, Chuck",Union Pacific Corp,42700,40000,2700
"Grassley, Chuck",Blackstone Group,46000,3000,43000
"Grassley, Chuck",Comcast Corp,49250,30000,19250
"Grassley, Chuck",Berkshire Hathaway,50275,35000,15275
"Grassley, Chuck",NextEra Energy,53000,31000,22000
"Grassley, Chuck",Mortgage Bankers Assn,25000,25000,0
"Grassley, Chuck",Verizon Communications,59400,38000,21400
"Grassley, Chuck",Blue Cross/Blue Shield,83400,51750,31650
"Grassley, Chuck",National Assn of Realtors,40000,40000,0
"Grassley, Chuck",DISH Network,33800,10000,23800
"Grassley, Chuck",Renaissance Technologies,36600,0,36600
"Grassley, Chuck",American Podiatric Medical Assn,32250,32000,250
"Grassley, Chuck",Capital Group Companies,26400,16000,10400
"Grassley, Chuck",National Community Pharmacists Assn,26750,26500,250
"Grassley, Chuck",Iowa Select Farms,32400,0,32400
"Grassley, Chuck",Amway/Alticor Inc,27000,0,27000
"Grassley, Chuck",Harbinger Strategies,27650,0,27650
"Grassley, Chuck",NCTA The Internet & Television Assn,28500,28500,0
"Grassley, Chuck",King & Spalding,28650,5000,23650
"Grassley, Chuck",Bayer AG,29450,25500,3950
"Grassley, Chuck",Lockheed Martin,29540,29500,40
"Grassley, Chuck",National Rural Electric Cooperative Assn,30000,30000,0
"Grassley, Chuck",CSX Corp,30000,30000,0
"Grassley, Chuck",BASF Corp,27000,27000,0
"Grassley, Chuck",American Hotel & Lodging Assn,30000,30000,0
"Grassley, Chuck",Cardinal Health,30000,30000,0
"Grassley, Chuck",Franklin Resources,32100,0,32100
"Grassley, Chuck",FedEx Corp,31570,26000,5570
"Grassley, Chuck",AT&T Inc,31020,30500,520
"Grassley, Chuck",Elliott Management,32000,0,32000
"Grassley, Chuck",American Physical Therapy Assn,30500,30500,0
"Grassley, Chuck",alliantgroup,30350,0,30350
"Grassley, Chuck",AFLAC Inc,30013,30000,13
"Grassley, Chuck",Crow Holdings,30600,0,30600
"Hagerty, Bill",Collazo Enterprises,26000,0,26000
"Hagerty, Bill",Unum Group,24250,24000,250
"Hagerty, Bill",Curb Records,27000,0,27000
"Hagerty, Bill",McNabola Law Group,25908,0,25908
"Hagerty, Bill",Toyota Motor Corp,25825,15000,10825
"Hagerty, Bill",Advance Financial,25800,1000,24800
"Hagerty, Bill",National HealthCare Corp,25575,7500,18075
"Hagerty, Bill",Neal & Harwell,25500,0,25500
"Hagerty, Bill",County Cork LLC,24300,0,24300
"Hagerty, Bill",Eastman Chemical,24100,10000,14100
"Hagerty, Bill",South College,23100,0,23100
"Hagerty, Bill",Tractor Supply Co,24100,12500,11600
"Hagerty, Bill",Thompson Machinery,23800,0,23800
"Hagerty, Bill",Delta Air Lines,23553,17500,6053
"Hagerty, Bill",FirstBank,23075,0,23075
"Hagerty, Bill",AutoZone Inc,22100,5000,17100
"Hagerty, Bill",Omnivisions Inc,22000,0,22000
"Hagerty, Bill",Protective Life Corp,22000,11000,11000
"Hagerty, Bill",Ernst & Young,21700,10000,11700
"Hagerty, Bill",Regions Financial,22000,21000,1000
"Hagerty, Bill",Edward G Lewis PC,27500,0,27500
"Hagerty, Bill",Ingram Industries,24100,7500,16600
"Hagerty, Bill",Adams & Reese,28800,10000,18800
"Hagerty, Bill",Fedex Corp,70335,20000,50335
"Hagerty, Bill",M&M Industries,32800,0,32800
"Hagerty, Bill",BGR Group,21200,0,21200
"Hagerty, Bill",State of Tennessee,71775,0,71775
"Hagerty, Bill",Mountain Group Partners,61900,0,61900
"Hagerty, Bill",Asurion LLC,47925,10000,37925
"Hagerty, Bill",CoreCivic Inc,47500,17500,30000
"Hagerty, Bill",Hall Capital (Oklahoma),47100,0,47100
"Hagerty, Bill",Cerberus Capital Management,45800,0,45800
"Hagerty, Bill",National Republican Senatorial Cmte,44600,44600,0
"Hagerty, Bill",Acadia Healthcare,44550,15000,29550
"Hagerty, Bill",Community Health Systems,42800,20000,22800
"Hagerty, Bill",UBS AG,42200,25000,17200
"Hagerty, Bill",Jones Management Services,42100,0,42100
"Hagerty, Bill",International Paper,42000,10000,32000
"Hagerty, Bill",Vanderbilt University,41095,0,41095
"Hagerty, Bill",Blackstone Group,40645,0,40645
"Hagerty, Bill",Goldman Sachs,38700,5000,33700
"Hagerty, Bill",American Investment Council,35600,20000,15600
"Hagerty, Bill",Delek US Holdings,35600,3000,32600
"Hagerty, Bill",AFLAC Inc,35300,15000,20300
"Hagerty, Bill","Waller, Lansden et al",34700,0,34700
"Hagerty, Bill",Vulcan Materials,33500,20000,13500
"Hagerty, Bill",Walbridge Aldinger Co,30000,0,30000
"Hagerty, Bill",Rogers Group,113700,5000,108700
"Hagerty, Bill",Gen Cap America,21200,0,21200
"Hagerty, Bill",America's Credit Unions,21000,21000,0
"Hagerty, Bill",Rajant Corp,17400,0,17400
"Hagerty, Bill",Signal Hill Management,17400,0,17400
"Hagerty, Bill","Lewis, Thomason et al",17250,0,17250
"Hagerty, Bill",General Motors,17035,16000,1035
"Hagerty, Bill",Anderson Media (Tennessee),17000,0,17000
"Hagerty, Bill",Hunt Consolidated,17000,0,17000
"Hagerty, Bill",Petra Capital Partners,17000,0,17000
"Hagerty, Bill",McKee Foods,16900,0,16900
"Hagerty, Bill",Fallon Co,16800,0,16800
"Hagerty, Bill",First Atlantic Capital,16800,0,16800
"Hagerty, Bill",Altria Group,17500,17500,0
"Hagerty, Bill",Kleinheinz Capital Partners,16800,0,16800
"Hagerty, Bill",Sequoia Capital,16800,0,16800
"Hagerty, Bill","Baker, Donelson et al",16600,7100,9500
"Hagerty, Bill",Giarratana LLC,16600,0,16600
"Hagerty, Bill",Dowd & Dowd,16500,0,16500
"Hagerty, Bill",1st Financial Bank USA,16400,0,16400
"Hagerty, Bill",Boyle Investment Co,16350,0,16350
"Hagerty, Bill",John Lee Co,16300,0,16300
"Hagerty, Bill",National Assn of Realtors,16000,16000,0
"Hagerty, Bill",Apollo Global Management,108850,25000,83850
"Hagerty, Bill",Robinhood Markets,21050,2000,19050
"Hagerty, Bill",Markel Group,16800,0,16800
"Hagerty, Bill","Akin, Gump et al",17700,2500,15200
"Hagerty, Bill",HCA Inc,86100,15000,71100
"Hagerty, Bill",Oak Ridge National Laboratory,17850,0,17850
"Hagerty, Bill",American Bankers Assn,17750,17500,250
"Hagerty, Bill",Pinnacle Financial Partners,21000,0,21000
"Hagerty, Bill",Volunteer Lumber Sales,21000,0,21000
"Hagerty, Bill",Phillips Infrastructure Holdings,20800,0,20800
"Hagerty, Bill",Community Choice Financial,20750,19500,1250
"Hagerty, Bill",SCF Partners,20600,0,20600
"Hagerty, Bill",General Dynamics,20597,17000,3597
"Hagerty, Bill",Haury & Smith Contractors,20200,0,20200
"Hagerty, Bill",Stowers Machinery,20150,0,20150
"Hagerty, Bill",Jonathan's Grille,20100,0,20100
"Hagerty, Bill",Home Depot,20088,20000,88
"Hagerty, Bill",Council Capital,20300,0,20300
"Hagerty, Bill",Rock Holdings,20000,20000,0
"Hagerty, Bill",KKR & Co,18010,0,18010
"Hagerty, Bill",Mortgage Bankers Assn,20000,20000,0
"Hagerty, Bill",Lipman Brothers,18500,0,18500
"Hagerty, Bill",Southern Co,18525,18500,25
"Hagerty, Bill",Hollingsworth Companies,18600,0,18600
"Hagerty, Bill",Paulson & Co,18050,0,18050
"Hagerty, Bill",Jackson National Life Insurance,19500,17500,2000
"Hagerty, Bill",QOL Medical,19600,0,19600
"Hagerty, Bill",UT-Battelle LLC,19750,0,19750
"Hagerty, Bill",Southwestern Family of Companies,19900,0,19900
"Hagerty, Bill",Lackie Trading,19000,0,19000
"Harris, Kamala","Panish, Shea & Boyle",21600,0,21600
"Harris, Kamala",Nossaman LLP,20622,6500,14122
"Harris, Kamala",Santa Ynez Band of Chumash Indians,20822,0,20822
"Harris, Kamala",ArentFox Schiff,20850,1000,19850
"Harris, Kamala",United Talent Agency,21104,0,21104
"Harris, Kamala",Harbor Freight Tools,21205,0,21205
"Harris, Kamala",Puma Springs Vineyards,21300,0,21300
"Harris, Kamala",Holland & Knight,21412,2500,18912
"Harris, Kamala",Morgan Stanley,21467,0,21467
"Harris, Kamala",Huneeus Winery,21600,0,21600
"Harris, Kamala",Raj Assoc,25400,0,25400
"Harris, Kamala","Greene, Broillet et al",22213,0,22213
"Harris, Kamala","Skadden, Arps et al",22298,0,22298
"Harris, Kamala",United Food & Commercial Workers Union,22493,10000,12493
"Harris, Kamala",Irell & Manella,23516,0,23516
"Harris, Kamala",Emily's List,24069,10000,14069
"Harris, Kamala",Plumbers/Pipefitters Union,25000,25000,0
"Harris, Kamala",Carpenters & Joiners Union,25013,25000,13
"Harris, Kamala",ME Fox & Co,25300,0,25300
"Harris, Kamala","Hansen, Jacobson et al",25350,0,25350
"Harris, Kamala",Hk Motors,21600,0,21600
"Harris, Kamala",Charles Schwab Corp,19923,0,19923
"Harris, Kamala",Jewish Family & Children's Services,18350,0,18350
"Harris, Kamala",Harvard University,19725,0,19725
"Harris, Kamala",Route One Investment,16200,0,16200
"Harris, Kamala",Pisces Inc,16310,0,16310
"Harris, Kamala",International Brotherhood of Electrical Workers,16325,15000,1325
"Harris, Kamala",New Enterprise Assoc,16400,0,16400
"Harris, Kamala","City & County of San Francisco, CA",16410,0,16410
"Harris, Kamala",National Education Assn,16769,15000,1769
"Harris, Kamala","Pillsbury, Winthrop et al",16823,0,16823
"Harris, Kamala",San Francisco Day School,16850,0,16850
"Harris, Kamala","Coblentz, Patch et al",16850,0,16850
"Harris, Kamala",Citigroup Inc,17205,0,17205
"Harris, Kamala",Advance Publications,19759,0,19759
"Harris, Kamala",Outfront Media,17584,0,17584
"Harris, Kamala","Manatt, Phelps & Phillips",18183,0,18183
"Harris, Kamala",Blue Cross/Blue Shield,25494,10000,15494
"Harris, Kamala",Perkins Investment Management,18400,0,18400
"Harris, Kamala",Lazard Ltd,18513,0,18513
"Harris, Kamala",Emerald Fund,18900,0,18900
"Harris, Kamala","Orrick, Herrington & Sutcliffe",18926,5600,13326
"Harris, Kamala",Aeris Communications,19100,0,19100
"Harris, Kamala",Reed Smith LLP,19291,1500,17791
"Harris, Kamala",Yucaipa Companies,19700,0,19700
"Harris, Kamala",Womencount PAC,19711,5,19706
"Harris, Kamala",Renaissance Technologies,18138,0,18138
"Harris, Kamala","Robbins, Geller et al",25958,0,25958
"Harris, Kamala","Lieff, Cabraser et al",30670,0,30670
"Harris, Kamala",Stanford University,26682,0,26682
"Harris, Kamala","Gibson, Dunn & Crutcher",44208,5000,39208
"Harris, Kamala",Lowenstein Sandler Llp,45225,0,45225
"Harris, Kamala",Microsoft Corp,45681,1000,44681
"Harris, Kamala",American Express,51299,0,51299
"Harris, Kamala",MacAndrews & Forbes,52310,10000,42310
"Harris, Kamala",Silver Lake Partners,55741,0,55741
"Harris, Kamala","Akin, Gump et al",57123,2000,55123
"Harris, Kamala",Apple Inc,57549,0,57549
"Harris, Kamala",Cisco Systems,58136,5000,53136
"Harris, Kamala",State of California,62327,0,62327
"Harris, Kamala",Comcast Corp,66910,0,66910
"Harris, Kamala","Paul, Weiss et al",76436,0,76436
"Harris, Kamala","Cotchett, Pitre & McCarthy",83300,0,83300
"Harris, Kamala",Creative Artists Agency,97740,0,97740
"Harris, Kamala",Alphabet Inc,107890,10000,97890
"Harris, Kamala",Venable LLP,114978,0,114978
"Harris, Kamala",University of California,133425,0,133425
"Harris, Kamala",Walt Disney Co,142946,0,142946
"Harris, Kamala",AT&T Inc,170684,2000,168684
"Harris, Kamala",Kamala Harris for the People,284967,284967,0
"Harris, Kamala",Wells Fargo,16176,0,16176
"Harris, Kamala",DLA Piper,43299,9000,34299
"Harris, Kamala",Hueston Hennigan Llp,43283,0,43283
"Harris, Kamala",Votesane PAC,41740,0,41740
"Harris, Kamala","Ziffren, Brittenham et al",41650,0,41650
"Harris, Kamala",Arnold & Porter Kaye Scholer,26740,5000,21740
"Harris, Kamala","Kleiner, Perkins et al",26805,0,26805
"Harris, Kamala",Covington & Burling,27055,0,27055
"Harris, Kamala",Bad Robot Productions,27070,0,27070
"Harris, Kamala",Kraut Law Group,27150,0,27150
"Harris, Kamala",Loeb & Loeb,27850,0,27850
"Harris, Kamala",Vivendi,28656,3000,25656
"Harris, Kamala",Seafarers International Union,29016,28500,516
"Harris, Kamala",Squire Patton Boggs,29335,5000,24335
"Harris, Kamala","Boies, Schiller & Flexner",29400,0,29400
"Harris, Kamala","Keker, Van Nest & Peters",26164,0,26164
"Harris, Kamala",Amblin Partners,31687,0,31687
"Harris, Kamala",Lions Gate Entertainment,32452,0,32452
"Harris, Kamala",Ziffren Brittenham LLP,33000,0,33000
"Harris, Kamala",University of Southern California,33261,0,33261
"Harris, Kamala",Alston & Bird,34728,10000,24728
"Harris, Kamala",Latham & Watkins,35180,0,35180
"Harris, Kamala",Facebook Inc,35359,0,35359
"Harris, Kamala",Kaiser Permanente,35601,0,35601
"Harris, Kamala",Sony Corp,35655,5000,30655
"Harris, Kamala","Robinson, Calcagnie & Robinson",37115,0,37115
"Harris, Kamala","Dreyer, Babich et al",37200,0,37200
"Harris, Kamala",Salesforce.com,32378,0,32378
"Harris, Kamala",National Amusements Inc,40523,0,40523
"Harris, Kamala","Walkup, Melodia et al",16150,0,16150
"Hassan, Maggie",Verizon Communications,15174,11000,4174
"Hassan, Maggie",Renaissance Technologies,18900,0,18900
"Hassan, Maggie",UnitedHealth Group,18935,16000,2935
"Hassan, Maggie",Pfizer Inc,19035,10000,9035
"Hassan, Maggie",Northrop Grumman,19312,17500,1812
"Hassan, Maggie",Cozen O'Connor,19600,3000,16600
"Hassan, Maggie",Northeastern University,19632,0,19632
"Hassan, Maggie",Yale University,19713,0,19713
"Hassan, Maggie",City University of New York,19906,0,19906
"Hassan, Maggie",Treasure State PAC,20000,20000,0
"Hassan, Maggie",Purpose PAC,20000,20000,0
"Hassan, Maggie",Off the Sidelines,20000,20000,0
"Hassan, Maggie",Nutmeg PAC,20000,20000,0
"Hassan, Maggie",Motor City PAC,20000,20000,0
"Hassan, Maggie",Impact (Schumer),20000,20000,0
"Hassan, Maggie",Great Lakes PAC,20000,20000,0
"Hassan, Maggie",Common Ground PAC,20000,20000,0
"Hassan, Maggie",A New Direction PAC,20000,20000,0
"Hassan, Maggie",UBS AG,20006,20000,6
"Hassan, Maggie",Capital Group Companies,20032,20000,32
"Hassan, Maggie",Planned Parenthood,20176,9999,10177
"Hassan, Maggie",Boston University,20310,0,20310
"Hassan, Maggie",Commonwealth of Massachusetts,18839,0,18839
"Hassan, Maggie",Walt Disney Co,18320,0,18320
"Hassan, Maggie",Foley Hoag LLP,18076,0,18076
"Hassan, Maggie",IBM Corp,17914,0,17914
"Hassan, Maggie","Skadden, Arps et al",15585,0,15585
"Hassan, Maggie",Bluewater Partners,15600,0,15600
"Hassan, Maggie",Genworth Financial,15650,0,15650
"Hassan, Maggie",United Parcel Service,15943,14500,1443
"Hassan, Maggie",True Love Productions,16000,0,16000
"Hassan, Maggie","Hirsch, Roberts & Weinstein",16065,0,16065
"Hassan, Maggie",NARAL Pro-Choice America,16100,10000,6100
"Hassan, Maggie",US Government,16162,0,16162
"Hassan, Maggie",Save Our Heritage,16200,0,16200
"Hassan, Maggie",Global Partners LP,16200,0,16200
"Hassan, Maggie",National Air Traffic Controllers Assn,20500,20500,0
"Hassan, Maggie",Girardi & Keese,16200,0,16200
"Hassan, Maggie",Artery Capital Group,16200,0,16200
"Hassan, Maggie",Intel Corp,16600,12000,4600
"Hassan, Maggie",Ropes & Gray,16625,0,16625
"Hassan, Maggie",State of California,16927,0,16927
"Hassan, Maggie","Newmark, Grubb et al",17200,0,17200
"Hassan, Maggie",NCTA The Internet & Television Assn,17500,17500,0
"Hassan, Maggie",Mortgage Bankers Assn,17500,17500,0
"Hassan, Maggie",Hawaii PAC,17500,17500,0
"Hassan, Maggie",Charter Communications,17597,17500,97
"Hassan, Maggie",Centene Corp,17613,10000,7613
"Hassan, Maggie",Castagna Realty,16200,0,16200
"Hassan, Maggie",Ameresco Inc,15159,0,15159
"Hassan, Maggie",WPP plc,20633,0,20633
"Hassan, Maggie",Service Employees International Union,21918,15000,6918
"Hassan, Maggie",Blue Cross/Blue Shield,33299,9000,24299
"Hassan, Maggie",Microsoft Corp,34586,19000,15586
"Hassan, Maggie",WilmerHale LLP,35645,0,35645
"Hassan, Maggie",Susman Godfrey Llp,36200,0,36200
"Hassan, Maggie",AT&T Inc,38262,17000,21262
"Hassan, Maggie",Thornton Law Firm,38700,0,38700
"Hassan, Maggie",State of New Hampshire,40723,0,40723
"Hassan, Maggie",Voices for Progress,41139,889,40250
"Hassan, Maggie",Democratic Senatorial Campaign Cmte,41800,41800,0
"Hassan, Maggie",Motley Rice LLC,43053,0,43053
"Hassan, Maggie",Fidelity Investments,43355,26000,17355
"Hassan, Maggie",Massachusetts Institute of Technology,44364,0,44364
"Hassan, Maggie",Alphabet Inc,46495,5000,41495
"Hassan, Maggie",University of California,51953,0,51953
"Hassan, Maggie",University of New Hampshire,52640,0,52640
"Hassan, Maggie","Paul, Weiss et al",63030,0,63030
"Hassan, Maggie",Council for a Livable World,64898,1000,63898
"Hassan, Maggie",Dartmouth College,76994,0,76994
"Hassan, Maggie",Harvard University,109493,0,109493
"Hassan, Maggie",JStreetPAC,208551,0,208551
"Hassan, Maggie",Emily's List,562309,10000,552309
"Hassan, Maggie",Comcast Corp,33283,22500,10783
"Hassan, Maggie",Honeywell International,21346,21000,346
"Hassan, Maggie","Mintz, Levin et al",32700,0,32700
"Hassan, Maggie",Laborers Union,30517,30500,17
"Hassan, Maggie",Deloitte LLP,21930,20000,1930
"Hassan, Maggie",Plymouth Rock Co,22300,0,22300
"Hassan, Maggie",Mass General Brigham,22373,0,22373
"Hassan, Maggie",National Beer Wholesalers Assn,22500,22500,0
"Hassan, Maggie",New York Life Insurance,22540,13000,9540
"Hassan, Maggie","Abramson, Brown & Dugan",23732,0,23732
"Hassan, Maggie",BAE Systems,24598,22500,2098
"Hassan, Maggie",International Brotherhood of Electrical Workers,25095,25000,95
"Hassan, Maggie",Anheuser-Busch,25250,25000,250
"Hassan, Maggie",Womencount PAC,32268,0,32268
"Hassan, Maggie",Barbara Lee Family Foundation,25400,0,25400
"Hassan, Maggie",Dell Technologies,26209,21000,5209
"Hassan, Maggie",Goldman Sachs,26233,20000,6233
"Hassan, Maggie",Aloha Partners,26600,0,26600
"Hassan, Maggie",Stanford University,26886,0,26886
"Hassan, Maggie",Columbia University,27136,0,27136
"Hassan, Maggie",University of Pennsylvania,27226,0,27226
"Hassan, Maggie","Sheet Metal, Air, Rail & Transportation Union",27500,27500,0
"Hassan, Maggie","Akin, Gump et al",27986,0,27986
"Hassan, Maggie",Beacon Companies,28250,0,28250
"Hassan, Maggie",Dartmouth-Hitchcock Medical Center,28402,0,28402
"Hassan, Maggie",American Assn for Justice,25450,23500,1950
"Hassan, Maggie",JPMorgan Chase & Co,15218,5000,10218
"Hawley, Josh",Interactive Brokers,11000,0,11000
"Hawley, Josh",Koch Industries,11000,10000,1000
"Hawley, Josh",Club for Growth,299301,0,299301
"Hawley, Josh",Src Holdings,13700,0,13700
"Hawley, Josh",O'Reilly Auto Parts,13700,0,13700
"Hawley, Josh",Chevron Corp,13705,10000,3705
"Hawley, Josh",Harbinger Strategies,13800,0,13800
"Hawley, Josh",Country Club Bank,13900,0,13900
"Hawley, Josh",Clawson Farms,14200,0,14200
"Hawley, Josh",Mills Properties,14350,0,14350
"Hawley, Josh",Proskauer Rose,14500,0,14500
"Hawley, Josh",Boeing Co,14761,0,14761
"Hawley, Josh",Baur Properties,14800,0,14800
"Hawley, Josh",Ameren Corp,14865,9000,5865
"Hawley, Josh",Mercy,14925,0,14925
"Hawley, Josh",Asian American Hotel Owners Assn,15000,15000,0
"Hawley, Josh",Northrop Grumman,15235,10000,5235
"Hawley, Josh",Station Casinos,15600,0,15600
"Hawley, Josh",Deloitte LLP,15653,15000,653
"Hawley, Josh","Cohen, Klingenstein & Marks",16100,0,16100
"Hawley, Josh",TAMKO Building Products,16200,0,16200
"Hawley, Josh",Farmer Co,16200,0,16200
"Hawley, Josh",Drury Dev,16200,0,16200
"Hawley, Josh",Bartlett Grain,16200,0,16200
"Hawley, Josh",Centene Corp,13600,0,13600
"Hawley, Josh",National Assn of Broadcasters,16400,5000,11400
"Hawley, Josh",Federal Protection Inc,13600,0,13600
"Hawley, Josh",American Bankers Assn,13525,12500,1025
"Hawley, Josh",HTH Companies,11000,0,11000
"Hawley, Josh",Civic Service Inc,11000,0,11000
"Hawley, Josh",Accenture,11025,0,11025
"Hawley, Josh",Bsi Constructors,11100,0,11100
"Hawley, Josh",Cepia,11200,0,11200
"Hawley, Josh",Husch Blackwell LLP,11400,4500,6900
"Hawley, Josh",Starline Inc,11800,0,11800
"Hawley, Josh",Show Me Institute,11800,0,11800
"Hawley, Josh",General Motors,11800,8500,3300
"Hawley, Josh",Asplundh Tree Expert Co,12500,10000,2500
"Hawley, Josh",Cerner Corp,12620,10000,2620
"Hawley, Josh",Bristol Manufacturing,12700,0,12700
"Hawley, Josh",Altria Group,12700,10000,2700
"Hawley, Josh",UnitedHealth Group,12763,10000,2763
"Hawley, Josh",University of Missouri,12920,0,12920
"Hawley, Josh",Veterans United Home Loans,13100,0,13100
"Hawley, Josh",GJ Grewe Inc,13100,0,13100
"Hawley, Josh",Polsinelli Pc,13200,0,13200
"Hawley, Josh",Lathrop & Gage,13200,5000,8200
"Hawley, Josh",Northwestern Mutual,13450,0,13450
"Hawley, Josh",International Franchise Assn,13500,13500,0
"Hawley, Josh",JE Dunn Construction Group,13600,0,13600
"Hawley, Josh",Concordance Academy,16400,0,16400
"Hawley, Josh",Drury Hotels,16450,0,16450
"Hawley, Josh",Williams Companies,16800,5000,11800
"Hawley, Josh",Cigna Corp,22302,2500,19802
"Hawley, Josh",Berkshire Hathaway,23300,10000,13300
"Hawley, Josh",Susan B Anthony List,23594,1200,22394
"Hawley, Josh",Charter Communications,23605,15000,8605
"Hawley, Josh",Durham Co,25700,0,25700
"Hawley, Josh",Leggett & Platt,26000,10000,16000
"Hawley, Josh",Bayer AG,27050,5000,22050
"Hawley, Josh",Ozarks Coca-Cola Bottling,27400,0,27400
"Hawley, Josh",Marathon Petroleum,27500,27500,0
"Hawley, Josh",Herschend Family Entertainment,29100,0,29100
"Hawley, Josh",Kirkland & Ellis,30428,0,30428
"Hawley, Josh",Orscheln Group,32800,0,32800
"Hawley, Josh",Alliance Coal,33466,10000,23466
"Hawley, Josh",Edward Jones,38085,3500,34585
"Hawley, Josh",Charles Schwab Corp,38725,0,38725
"Hawley, Josh",Hunter Engineering,44000,0,44000
"Hawley, Josh",Herzog,46050,5000,41050
"Hawley, Josh",National Republican Senatorial Cmte,47400,47400,0
"Hawley, Josh",Emerson Electric,52500,15000,37500
"Hawley, Josh",Diamond Pet Foods,70900,0,70900
"Hawley, Josh",Senate Conservatives Fund,257589,5000,252589
"Hawley, Josh",Wells Fargo,22220,2500,19720
"Hawley, Josh",Bodley Group,22000,0,22000
"Hawley, Josh",Russell Stover Candies,22000,0,22000
"Hawley, Josh",Midway Usa,21800,0,21800
"Hawley, Josh",Washington University in St Louis,16876,0,16876
"Hawley, Josh",Hallmark Cards,17019,12000,5019
"Hawley, Josh",Fierce Government Relations,17200,0,17200
"Hawley, Josh",Schnuck Markets,17325,0,17325
"Hawley, Josh",Tlc Properties,17850,0,17850
"Hawley, Josh",Acadia Healthcare,18100,4500,13600
"Hawley, Josh",Prime Inc,18700,0,18700
"Hawley, Josh",Kit Bond Strategies,18750,0,18750
"Hawley, Josh",Jes Holdings LLC,18900,0,18900
"Hawley, Josh",Dot Foods,18900,0,18900
"Hawley, Josh",Comcast Corp,19049,15000,4049
"Hawley, Josh",Mahaffey Enterprises,20100,0,20100
"Hawley, Josh",H&R Block,20170,20000,170
"Hawley, Josh",Ascension Health,20300,0,20300
"Hawley, Josh",Thompson Coburn LLP,20500,12000,8500
"Hawley, Josh","Bryan, Cave et al",20868,5500,15368
"Hawley, Josh",Willard Asphalt Paving,21600,0,21600
"Hawley, Josh",Loren Cook Co,21600,0,21600
"Hawley, Josh",Jennmar Corp,21600,0,21600
"Hawley, Josh",Immvac Inc,21600,0,21600
"Hawley, Josh",AT&T Inc,21615,4000,17615
"Hawley, Josh",Republican Jewish Coalition,19625,10000,9625
"Heinrich, Martin",University of New Mexico,62144,0,62144
"Heinrich, Martin",League of Conservation Voters,124304,16979,107325
"Heinrich, Martin",MMR Group,73400,0,73400
"Heinrich, Martin",American Federation of State/Cnty/Munic Employees,15500,15000,500
"Heinrich, Martin",National Assn of Health Underwriters,20000,20000,0
"Heinrich, Martin",Korein Tillery LLC,20000,0,20000
"Heinrich, Martin",American Bankers Assn,20000,20000,0
"Heinrich, Martin",Tpp Export America,20200,0,20200
"Heinrich, Martin",Alston & Bird,20250,17500,2750
"Heinrich, Martin",Southern Co,20500,20500,0
"Heinrich, Martin",Sempra Energy,20500,20500,0
"Heinrich, Martin",National Rural Letter Carriers Assn,20500,20500,0
"Heinrich, Martin",Independent Community Bankers of America,20500,20500,0
"Heinrich, Martin",Plumbers/Pipefitters Union,20000,20000,0
"Heinrich, Martin",Forbes Tate Partners,20700,0,20700
"Heinrich, Martin",Burns & McDonnell,22500,22500,0
"Heinrich, Martin",Genentech Inc,22505,22500,5
"Heinrich, Martin",National Assn of Broadcasters,22750,20500,2250
"Heinrich, Martin",iHeartMedia Inc,23000,23000,0
"Heinrich, Martin",American Optometric Assn,23250,23000,250
"Heinrich, Martin","Brownstein, Hyatt et al",23750,8000,15750
"Heinrich, Martin",Poet LLC,24000,24000,0
"Heinrich, Martin","Sheet Metal, Air, Rail & Transportation Union",24500,24500,0
"Heinrich, Martin",Gila River Indian Community,24700,0,24700
"Heinrich, Martin",Tunica-Biloxi Tribe of Louisiana,22400,0,22400
"Heinrich, Martin",National Assn of Realtors,19990,19990,0
"Heinrich, Martin",UnitedHealth Group,19890,18500,1390
"Heinrich, Martin",Leidos Inc,19425,19000,425
"Heinrich, Martin",Hugo Neu Corp,16000,0,16000
"Heinrich, Martin",Credit Union National Assn,16000,16000,0
"Heinrich, Martin",Discovery Inc,16200,0,16200
"Heinrich, Martin",Gulf States Toyota,16500,14000,2500
"Heinrich, Martin",AFLAC Inc,17000,17000,0
"Heinrich, Martin",PG&E Corp,17100,11000,6100
"Heinrich, Martin",Pechanga Band of Luiseno Mission Indians,17500,0,17500
"Heinrich, Martin",ITC Holdings,17500,17500,0
"Heinrich, Martin",American Crystal Sugar,17500,17500,0
"Heinrich, Martin",Silver Lake Partners,17700,2700,15000
"Heinrich, Martin",NCTA The Internet & Television Assn,18000,18000,0
"Heinrich, Martin",National Indian Gaming Assn,18000,15500,2500
"Heinrich, Martin",American Institute of CPAs,18000,18000,0
"Heinrich, Martin",Democracy Engine,18100,0,18100
"Heinrich, Martin",L&F Distributors,18500,0,18500
"Heinrich, Martin",Humana Inc,18525,18500,25
"Heinrich, Martin",United Parcel Service,18575,18500,75
"Heinrich, Martin",Apollo Global Management,18800,5000,13800
"Heinrich, Martin",Doterra International,19000,0,19000
"Heinrich, Martin",314 Action Fund,19000,19000,0
"Heinrich, Martin",WPP plc,19250,0,19250
"Heinrich, Martin",Facebook Inc,24700,17500,7200
"Heinrich, Martin",Horning Brothers,15900,0,15900
"Heinrich, Martin",UNITE HERE,25000,25000,0
"Heinrich, Martin",KPMG LLP,25000,25000,0
"Heinrich, Martin",PricewaterhouseCoopers,37500,37500,0
"Heinrich, Martin",RTX Corp,37510,36500,1010
"Heinrich, Martin",Poarch Band of Creek Indians,38100,0,38100
"Heinrich, Martin",General Atomics,38700,19000,19700
"Heinrich, Martin","Akin, Gump et al",39452,3750,35702
"Heinrich, Martin",UBS Americas,40000,40000,0
"Heinrich, Martin",Laborers Union,40000,40000,0
"Heinrich, Martin",Air Line Pilots Assn,40000,40000,0
"Heinrich, Martin",Hewlett Packard Enterprise,40279,40000,279
"Heinrich, Martin",Pfizer Inc,36500,36500,0
"Heinrich, Martin",Alphabet Inc,40728,30500,10228
"Heinrich, Martin",Berkshire Hathaway,42900,39500,3400
"Heinrich, Martin",DaVita Inc,43000,35500,7500
"Heinrich, Martin",International Brotherhood of Electrical Workers,44209,44000,209
"Heinrich, Martin",American Health Care Assn,49900,41000,8900
"Heinrich, Martin",Honeywell International,50416,37500,12916
"Heinrich, Martin",Northrop Grumman,50510,50500,10
"Heinrich, Martin",Cigna Corp,55000,45000,10000
"Heinrich, Martin",NextEra Energy,55510,29500,26010
"Heinrich, Martin",JStreetPAC,62067,0,62067
"Heinrich, Martin",American Assn for Justice,41000,41000,0
"Heinrich, Martin",Home Depot,36097,35000,1097
"Heinrich, Martin",Union Pacific Corp,35005,35000,5
"Heinrich, Martin",National Assn of Letter Carriers,34000,34000,0
"Heinrich, Martin",Capital Group Companies,25000,25000,0
"Heinrich, Martin",Chickasaw Nation,25400,0,25400
"Heinrich, Martin",Cornerstone Government Affairs,25950,0,25950
"Heinrich, Martin",Huntington Ingalls Industries,26000,26000,0
"Heinrich, Martin",Tellurian Inc,26500,9000,17500
"Heinrich, Martin",Blue Cross/Blue Shield,26560,25500,1060
"Heinrich, Martin",AT&T Inc,26560,17500,9060
"Heinrich, Martin",Blackstone Group,27000,0,27000
"Heinrich, Martin",NelNet Inc,29000,29000,0
"Heinrich, Martin",Cherokee Nation,29200,0,29200
"Heinrich, Martin",New York Life Insurance,29340,26500,2840
"Heinrich, Martin",Carpenters & Joiners Union,29500,29500,0
"Heinrich, Martin",Intel Corp,29945,27000,2945
"Heinrich, Martin",National Multifamily Housing Council,30000,30000,0
"Heinrich, Martin",National Air Traffic Controllers Assn,30000,30000,0
"Heinrich, Martin",Merck & Co,30000,30000,0
"Heinrich, Martin",Council of Insurance Agents & Brokers,30000,30000,0
"Heinrich, Martin",Comcast Corp,30509,26000,4509
"Heinrich, Martin",Lockheed Martin,31211,28500,2711
"Heinrich, Martin",Microsoft Corp,31600,30000,1600
"Heinrich, Martin","Robbins, Geller et al",32500,0,32500
"Heinrich, Martin",National Beer Wholesalers Assn,25000,25000,0
"Heinrich, Martin",Sunrun Inc,15750,10500,5250
"Hickenlooper, John",Amazon.com,80815,0,80815
"Hickenlooper, John",University of California,179272,0,179272
"Hickenlooper, John",Latham & Watkins,36139,0,36139
"Hickenlooper, John",Warner Brothers Discovery,35586,0,35586
"Hickenlooper, John",Motley Rice LLC,35394,0,35394
"Hickenlooper, John",Vail Resorts,35263,0,35263
"Hickenlooper, John",Mass General Brigham,34053,0,34053
"Hickenlooper, John",New York University,34014,0,34014
"Hickenlooper, John",Wells Fargo,33692,0,33692
"Hickenlooper, John","City of New York, NY",33429,0,33429
"Hickenlooper, John",UnitedHealth Group,33070,0,33070
"Hickenlooper, John",Wonderful Co,37499,0,37499
"Hickenlooper, John",National Amusements Inc,32959,0,32959
"Hickenlooper, John",University of Pennsylvania,32240,0,32240
"Hickenlooper, John",Hogan Lovells,32118,0,32118
"Hickenlooper, John",East West Partners,31500,0,31500
"Hickenlooper, John",Bain Capital,31300,0,31300
"Hickenlooper, John",Yale University,30798,0,30798
"Hickenlooper, John",Xcel Energy,29969,0,29969
"Hickenlooper, John",Salesforce.com,29679,0,29679
"Hickenlooper, John",US Dept of Health & Human Services,29514,0,29514
"Hickenlooper, John","Akin, Gump et al",29132,0,29132
"Hickenlooper, John",US Dept of the Interior,32324,0,32324
"Hickenlooper, John",University of Denver,39277,0,39277
"Hickenlooper, John",Gart Companies,39400,0,39400
"Hickenlooper, John",Massachusetts Institute of Technology,39724,0,39724
"Hickenlooper, John",Apple Inc,78499,0,78499
"Hickenlooper, John",Liberty Media Corp,77812,0,77812
"Hickenlooper, John","Brownstein, Hyatt et al",71836,0,71836
"Hickenlooper, John",US Government,68601,0,68601
"Hickenlooper, John",Comcast Corp,68329,0,68329
"Hickenlooper, John",State of Colorado,67845,0,67845
"Hickenlooper, John",Meta,65028,0,65028
"Hickenlooper, John",Kaiser Permanente,63888,0,63888
"Hickenlooper, John",Stanford University,62616,0,62616
"Hickenlooper, John",Walt Disney Co,60935,0,60935
"Hickenlooper, John",IBM Corp,56001,0,56001
"Hickenlooper, John",Democratic Senatorial Campaign Cmte,49600,49600,0
"Hickenlooper, John",314 Action,48151,23000,25151
"Hickenlooper, John",Colorado State University,43858,0,43858
"Hickenlooper, John",Oracle Corp,43703,0,43703
"Hickenlooper, John",Insight Partners,43656,0,43656
"Hickenlooper, John",WilmerHale Llp,43425,0,43425
"Hickenlooper, John",Columbia University,42893,0,42893
"Hickenlooper, John",Monroe Group (Colorado),42850,0,42850
"Hickenlooper, John",State of California,41418,0,41418
"Hickenlooper, John",University of Washington,39731,0,39731
"Hickenlooper, John",McKinsey & Co,28895,0,28895
"Hickenlooper, John",Renaissance Technologies,28790,0,28790
"Hickenlooper, John",Cisco Systems,28348,0,28348
"Hickenlooper, John",Winston & Strawn,28307,0,28307
"Hickenlooper, John",JPMorgan Chase & Co,22888,0,22888
"Hickenlooper, John",Rudin Management,22452,0,22452
"Hickenlooper, John",Grain Management LLC,22400,0,22400
"Hickenlooper, John",High Meadows Foundation,22400,0,22400
"Hickenlooper, John",Amblin Partners,22383,0,22383
"Hickenlooper, John",Northwestern University,22008,0,22008
"Hickenlooper, John",University of Texas,21918,0,21918
"Hickenlooper, John",Intel Corp,21860,0,21860
"Hickenlooper, John",Breckenridge Grand Vacations,21828,0,21828
"Hickenlooper, John",Moelis & Co,21742,0,21742
"Hickenlooper, John",Blackstone Group,21563,0,21563
"Hickenlooper, John",Tufts University,21472,0,21472
"Hickenlooper, John",Laborers Union,21098,20000,1098
"Hickenlooper, John",California State University,20959,0,20959
"Hickenlooper, John",Netflix Inc,20838,0,20838
"Hickenlooper, John",Boston University,20760,0,20760
"Hickenlooper, John",Cranemere LLC,20600,0,20600
"Hickenlooper, John",Microsoft Corp,127828,0,127828
"Hickenlooper, John",Hickenlooper 2020,129235,128705,530
"Hickenlooper, John",Alphabet Inc,261141,0,261141
"Hickenlooper, John",University of Colorado,203194,0,203194
"Hickenlooper, John",US Dept of Defense,23129,0,23129
"Hickenlooper, John",Harvard University,107955,0,107955
"Hickenlooper, John",City University of New York,23189,0,23189
"Hickenlooper, John",Denver Health & Hospital Authority,23318,0,23318
"Hickenlooper, John",Miller Global Properties,28000,0,28000
"Hickenlooper, John",Route One Investment,28000,0,28000
"Hickenlooper, John",Fullerton Investors,27400,0,27400
"Hickenlooper, John",Centerview Partners,27352,0,27352
"Hickenlooper, John",AT&T Inc,27122,0,27122
"Hickenlooper, John",Adobe Inc,26886,0,26886
"Hickenlooper, John",Kirkland & Ellis,26848,0,26848
"Hickenlooper, John",Breckenridge-Wynkoop LLC,26800,0,26800
"Hickenlooper, John",Goldman Sachs,26447,0,26447
"Hickenlooper, John",University of Southern California,26094,0,26094
"Hickenlooper, John",Fidelity National Information Services,25821,0,25821
"Hickenlooper, John",Boeing Co,25752,0,25752
"Hickenlooper, John",Liberty Global,25206,0,25206
"Hickenlooper, John",US Dept of Justice,25116,0,25116
"Hickenlooper, John",University of Wisconsin,23982,0,23982
"Hickenlooper, John",University of Michigan,23833,0,23833
"Hickenlooper, John",US Dept of Veterans Affairs,23791,0,23791
"Hickenlooper, John",Creative Artists Agency,23765,0,23765
"Hickenlooper, John",Johns Hopkins University,23519,0,23519
"Hickenlooper, John",Lumen Technologies,23403,1000,22403
"Hickenlooper, John",GCM Grosvenor,23356,0,23356
"Hickenlooper, John",Freedom Road LLC (Colorado),23200,0,23200
"Hickenlooper, John",J Street,159910,85,159825
"Hickenlooper, John",Democracy Engine,241066,0,241066
"Hirono, Mazie K",Matson Inc,46846,26346,20500
"Hirono, Mazie K",Council of Insurance Agents & Brokers,12500,12500,0
"Hirono, Mazie K",NextEra Energy,12510,11500,1010
"Hirono, Mazie K",Cades Schutte Llp,12600,0,12600
"Hirono, Mazie K",Williams & Jensen,12900,1000,11900
"Hirono, Mazie K",Strategies 360,12950,0,12950
"Hirono, Mazie K",Carlsmith Ball LLP,13000,0,13000
"Hirono, Mazie K",Paracom Inc,13300,0,13300
"Hirono, Mazie K",Davis Levin Livingston,13463,0,13463
"Hirono, Mazie K",National Air Traffic Controllers Assn,13500,13500,0
"Hirono, Mazie K",DISH Network,14000,14000,0
"Hirono, Mazie K",Cox Enterprises,14000,14000,0
"Hirono, Mazie K",American Federation of State/Cnty/Munic Employees,14000,14000,0
"Hirono, Mazie K",State of California,14039,0,14039
"Hirono, Mazie K",New York Life Insurance,15000,15000,0
"Hirono, Mazie K",National Multifamily Housing Council,15000,15000,0
"Hirono, Mazie K",Ironworkers Union,15000,15000,0
"Hirono, Mazie K",International Assn of Fire Fighters,15000,15000,0
"Hirono, Mazie K",CAPA21,15000,15000,0
"Hirono, Mazie K",American Crystal Sugar,15000,15000,0
"Hirono, Mazie K",Operating Engineers Union,15025,15000,25
"Hirono, Mazie K",Service Employees International Union,15030,10000,5030
"Hirono, Mazie K",Credit Union National Assn,12500,12500,0
"Hirono, Mazie K",Pasha Group,15100,0,15100
"Hirono, Mazie K",National Beer Wholesalers Assn,12500,12500,0
"Hirono, Mazie K",Power Rogers LLP,12175,0,12175
"Hirono, Mazie K",Emily's List,52955,10000,42955
"Hirono, Mazie K",Anheuser-Busch,10000,10000,0
"Hirono, Mazie K",American Waterways Operators,10000,10000,0
"Hirono, Mazie K",American Federation of Teachers,10000,10000,0
"Hirono, Mazie K",American Council of Engineering Cos,10000,10000,0
"Hirono, Mazie K",America Works,10000,10000,0
"Hirono, Mazie K",Moveon.org,10006,10000,6
"Hirono, Mazie K",National Education Assn,10020,10000,20
"Hirono, Mazie K",Hilton Worldwide,10020,10000,20
"Hirono, Mazie K",Deloitte LLP,10253,10000,253
"Hirono, Mazie K",Pop Fishing & Marine,10500,0,10500
"Hirono, Mazie K",Center for American Progress,10500,0,10500
"Hirono, Mazie K",Corning Inc,10525,10500,25
"Hirono, Mazie K",American Assn for Justice,10877,10000,877
"Hirono, Mazie K",Toyota Motor North America,11000,11000,0
"Hirono, Mazie K","Sheet Metal, Air, Rail & Transportation Union",11000,11000,0
"Hirono, Mazie K",Lauder Partners,11000,0,11000
"Hirono, Mazie K",AFLAC Inc,11000,11000,0
"Hirono, Mazie K","Starn, O'Toole et al",11050,0,11050
"Hirono, Mazie K",Walmart Inc,12118,11000,1118
"Hirono, Mazie K",AECOM Global,12150,1000,11150
"Hirono, Mazie K",Clifford Law Offices,12300,0,12300
"Hirono, Mazie K",League of Conservation Voters,15374,10999,4375
"Hirono, Mazie K",Forbes Tate Partners,12500,0,12500
"Hirono, Mazie K",National Assn of Letter Carriers,15500,15500,0
"Hirono, Mazie K",BAE Systems,24751,22000,2751
"Hirono, Mazie K",Poet LLC,25000,25000,0
"Hirono, Mazie K",National Assn of Convenience Stores,25000,25000,0
"Hirono, Mazie K",Parsons Corp,25007,25000,7
"Hirono, Mazie K",Merck & Co,25010,25000,10
"Hirono, Mazie K",State of Hawaii,25372,0,25372
"Hirono, Mazie K",Air Line Pilots Assn,28000,28000,0
"Hirono, Mazie K",AT&T Inc,28862,28500,362
"Hirono, Mazie K",Northrop Grumman,30179,30000,179
"Hirono, Mazie K",Nan Inc,30300,0,30300
"Hirono, Mazie K",RM Towill Corp,24600,0,24600
"Hirono, Mazie K",International Brotherhood of Electrical Workers,30500,30000,500
"Hirono, Mazie K",Charter Communications,31000,31000,0
"Hirono, Mazie K",Comcast Corp,32955,25000,7955
"Hirono, Mazie K",Huntington Ingalls Industries,34500,34500,0
"Hirono, Mazie K",United Parcel Service,34780,34500,280
"Hirono, Mazie K",Wine & Spirits Wholesalers of America,35000,35000,0
"Hirono, Mazie K",NCTA The Internet & Television Assn,35500,30000,5500
"Hirono, Mazie K",Seafarers International Union,37160,37010,150
"Hirono, Mazie K","Kobayashi, Sugita & Goda",38850,0,38850
"Hirono, Mazie K",American Hotel & Lodging Assn,40000,40000,0
"Hirono, Mazie K","Wilson, Sonsini et al",15400,0,15400
"Hirono, Mazie K",Alexander & Baldwin,30900,12000,18900
"Hirono, Mazie K",Hawaiian Airlines,23528,17700,5828
"Hirono, Mazie K",General Dynamics,40020,40000,20
"Hirono, Mazie K",University of Hawaii,23114,0,23114
"Hirono, Mazie K",RTX Corp,15535,15500,35
"Hirono, Mazie K",National Assn of Surety Bond Producers,16500,16500,0
"Hirono, Mazie K",Covington & Burling,16500,15000,1500
"Hirono, Mazie K",Microsoft Corp,16816,16000,816
"Hirono, Mazie K",American Dental Assn,17000,17000,0
"Hirono, Mazie K",Hawaiian Electric Industries,17150,0,17150
"Hirono, Mazie K",Cooney & Conway,17200,0,17200
"Hirono, Mazie K",UNITE HERE,17500,17500,0
"Hirono, Mazie K","Akin, Gump et al",17875,6000,11875
"Hirono, Mazie K",American Society of Travel Advisors,18500,18500,0
"Hirono, Mazie K",PricewaterhouseCoopers,18525,18500,25
"Hirono, Mazie K",Intellectual Ventures LLC,42000,31500,10500
"Hirono, Mazie K",Alston & Bird,19000,11500,7500
"Hirono, Mazie K",National Assn of Realtors,19000,19000,0
"Hirono, Mazie K",Google Inc,21734,21500,234
"Hirono, Mazie K",Pfizer Inc,21050,21000,50
"Hirono, Mazie K",Lockheed Martin,20030,20000,30
"Hirono, Mazie K","Deeley, King et al",23100,0,23100
"Hirono, Mazie K",American Society of Anesthesiologists,20000,20000,0
"Hirono, Mazie K",L3Harris Technologies,20000,20000,0
"Hirono, Mazie K",National Assn of Broadcasters,20000,20000,0
"Hirono, Mazie K",AbbVie Inc,19000,19000,0
"Hirono, Mazie K",Honeywell International,20011,20000,11
"Hoeven, John",Shakopee Mdewakanton Sioux Community,21800,0,21800
"Hoeven, John",Amgen Inc,19500,19500,0
"Hoeven, John",National Rural Water Assn,21000,21000,0
"Hoeven, John",American Dental Assn,20500,20500,0
"Hoeven, John",Credit Union National Assn,20500,20500,0
"Hoeven, John",International Dairy Foods Assn,20500,14000,6500
"Hoeven, John",Arkansas for Leadership,20000,20000,0
"Hoeven, John",Jennmar Corp,20000,0,20000
"Hoeven, John",Lank PAC,20000,20000,0
"Hoeven, John",National Electrical Contractors Assn,19000,19000,0
"Hoeven, John",Wine & Spirits Wholesalers of America,17500,17500,0
"Hoeven, John",Air Line Pilots Assn,18000,18000,0
"Hoeven, John",Cherokee Nation,17900,0,17900
"Hoeven, John",American Institute of CPAs,17500,17500,0
"Hoeven, John",Comcast Corp,22000,22000,0
"Hoeven, John",Denali Leadership PAC,17305,17305,0
"Hoeven, John",Lockridge Grindal Nauen PLLP,17145,11500,5645
"Hoeven, John",National Rural Electric Cooperative Assn,17000,17000,0
"Hoeven, John",Select Energy Services,16200,0,16200
"Hoeven, John",National Air Traffic Controllers Assn,16000,16000,0
"Hoeven, John",Plains Cotton Growers,16000,15000,1000
"Hoeven, John",Continental Resources,15700,8000,7700
"Hoeven, John",National Assn of Realtors,18500,18500,0
"Hoeven, John",National Assn of Convenience Stores,22500,22500,0
"Hoeven, John",California Dairies Inc,25000,25000,0
"Hoeven, John",American Hotel & Lodging Assn,23500,23500,0
"Hoeven, John",Hess Corp,58400,10000,48400
"Hoeven, John",Northrop Grumman,47575,47500,75
"Hoeven, John",BNSF Railway,44490,24500,19990
"Hoeven, John",NextEra Energy,41300,27000,14300
"Hoeven, John",Microsoft Corp,41000,41000,0
"Hoeven, John",Westport Properties,36400,0,36400
"Hoeven, John",ClearPath Foundation,35800,0,35800
"Hoeven, John",Automotive Free International Trade PAC,35000,35000,0
"Hoeven, John",Honeywell International,35000,35000,0
"Hoeven, John",RTX Corp,35000,35000,0
"Hoeven, John",Marvin Windows,22533,0,22533
"Hoeven, John",Edison Chouest Offshore,34700,0,34700
"Hoeven, John",Home Depot,31000,31000,0
"Hoeven, John",Bill & Melinda Gates Foundation,15500,0,15500
"Hoeven, John",American Bankers Assn,28500,28500,0
"Hoeven, John",Crop Insurance Professionals Assn,27000,27000,0
"Hoeven, John",Pinnacle West Capital,26500,26500,0
"Hoeven, John",General Atomics,26200,23500,2700
"Hoeven, John",Deloitte LLP,25686,25000,686
"Hoeven, John",Anheuser-Busch,25000,25000,0
"Hoeven, John",National Cotton Council,25000,25000,0
"Hoeven, John",Delta Air Lines,24500,24500,0
"Hoeven, John",American Crystal Sugar,32070,29000,3070
"Hoeven, John",Lockheed Martin,30005,29000,1005
"Hoeven, John",National Assn of Real Estate Investment Trusts,15500,15500,0
"Hoeven, John",NACCO Industries,15450,10000,5450
"Hoeven, John",Thrivent Financial,12500,12500,0
"Hoeven, John",Wild & Wonderful PAC,12500,12500,0
"Hoeven, John",Cardinal Glass,12175,0,12175
"Hoeven, John",Basin Electric Power Cooperative,12100,12100,0
"Hoeven, John",Abbott Laboratories,12000,12000,0
"Hoeven, John",Goldman Sachs,12000,12000,0
"Hoeven, John",Heritage Insurance,12000,0,12000
"Hoeven, John","National Stone, Sand & Gravel Assn",12000,12000,0
"Hoeven, John",United Parcel Service,12000,12000,0
"Hoeven, John",Apollo Management,11800,0,11800
"Hoeven, John",Chord Energy,11700,4500,7200
"Hoeven, John",Amtrust Financial Services,11550,0,11550
"Hoeven, John",Duke Energy,11500,11500,0
"Hoeven, John",Sempra Energy,11500,11500,0
"Hoeven, John",Poet LLC,11200,8000,3200
"Hoeven, John",AbbVie Inc,11000,11000,0
"Hoeven, John",Ecolab Inc,11000,11000,0
"Hoeven, John",Northwest Respiratory Service,11000,0,11000
"Hoeven, John",Bernard Marcus Family Foundation,10800,0,10800
"Hoeven, John",Boich Companies,10800,0,10800
"Hoeven, John",Marathon Petroleum,15500,15500,0
"Hoeven, John",Natural Products Assn,12500,12500,0
"Hoeven, John",Independent Community Bankers of America,12500,12500,0
"Hoeven, John",NTCA/Rural Broadband Assn,12000,12000,0
"Hoeven, John",AFLAC Inc,13000,13000,0
"Hoeven, John",American Trucking Assns,12700,10000,2700
"Hoeven, John",American Health Care Assn,15000,15000,0
"Hoeven, John",CoreCivic Inc,15000,15000,0
"Hoeven, John",Free State PAC,15000,15000,0
"Hoeven, John",National Multifamily Housing Council,15000,15000,0
"Hoeven, John",Poarch Band of Creek Indians,15000,0,15000
"Hoeven, John",Verizon Communications,15000,15000,0
"Hoeven, John",Mbi Energy Services,14520,0,14520
"Hoeven, John",Farm Credit Council,14500,14500,0
"Hoeven, John",Huntington Ingalls Industries,14500,14500,0
"Hoeven, John",National Auto Dealers Assn,14500,14500,0
"Hoeven, John",Hubbard Broadcasting,14900,0,14900
"Hoeven, John",AT&T Inc,15005,15000,5
"Hoeven, John",American Maritime Officers,14000,14000,0
"Hoeven, John",Boeing Co,13025,13000,25
"Hoeven, John",Beverage Wholesalers Inc,13040,0,13040
"Hoeven, John",NorPAC,13200,0,13200
"Hoeven, John",CHS Inc,13400,13400,0
"Hoeven, John",Blue Cross & Blue Shield Assn,13020,13000,20
"Hoeven, John",Lignite Energy Council,13500,13500,0
"Hoeven, John",FedEx Corp,13500,13500,0
"Hoeven, John",Ernst & Young,14000,14000,0
"Hoeven, John",National Shooting Sports Foundation,13500,13500,0
"Hollen, Chris Van",Comcast Corp,22550,7500,15050
"Hollen, Chris Van",Peter G Peterson Foundation,21600,0,21600
"Hollen, Chris Van",Lone Pine Capital,21600,0,21600
"Hollen, Chris Van",Fairfield County Community Foundation,21600,0,21600
"Hollen, Chris Van","Gallagher, Evelius & Jones",22150,0,22150
"Hollen, Chris Van",Morrison & Foerster,22200,0,22200
"Hollen, Chris Van",USAA,22255,17500,4755
"Hollen, Chris Van",Phillips & Cohen,22350,0,22350
"Hollen, Chris Van",Laborers Union,22500,22500,0
"Hollen, Chris Van",National Active & Retired Federal Employees Assn,22750,22500,250
"Hollen, Chris Van",National Beer Wholesalers Assn,25000,25000,0
"Hollen, Chris Van",Mortgage Bankers Assn,23250,22500,750
"Hollen, Chris Van",Honeywell International,23500,22500,1000
"Hollen, Chris Van",Medstar Health,23570,0,23570
"Hollen, Chris Van",League of Conservation Voters,23679,7227,16452
"Hollen, Chris Van","Ober, Kaler et al",23900,0,23900
"Hollen, Chris Van","McDermott, Will & Emery",24507,2500,22007
"Hollen, Chris Van",Nai Michael Co,24600,0,24600
"Hollen, Chris Van",Hogan Lovells,24650,0,24650
"Hollen, Chris Van",George Washington University,24800,0,24800
"Hollen, Chris Van",Centerbridge Partners,21400,0,21400
"Hollen, Chris Van",America's Credit Unions,22750,22000,750
"Hollen, Chris Van",Blue Cross/Blue Shield,21100,8000,13100
"Hollen, Chris Van",Ciena Healthcare Management,18200,0,18200
"Hollen, Chris Van",Steptoe & Johnson,21000,0,21000
"Hollen, Chris Van",Georgetown University,25080,0,25080
"Hollen, Chris Van",Lockheed Martin,18380,15000,3380
"Hollen, Chris Van",New York Life Insurance,18500,17500,1000
"Hollen, Chris Van",FI Investment Group,18500,0,18500
"Hollen, Chris Van",Beowulf Energy,18600,0,18600
"Hollen, Chris Van",Mental Wellness Assoc,18700,0,18700
"Hollen, Chris Van",Smithsonian American Art Museum,18800,0,18800
"Hollen, Chris Van",Peterson Companies,18900,0,18900
"Hollen, Chris Van",Hines Interests,18900,0,18900
"Hollen, Chris Van",WPP plc,18913,0,18913
"Hollen, Chris Van",NFP Corp,21050,0,21050
"Hollen, Chris Van",Riverside Health,19150,0,19150
"Hollen, Chris Van",Politics & Prose Bookstore,19900,0,19900
"Hollen, Chris Van",Real Estate Roundtable,20000,20000,0
"Hollen, Chris Van",National Assn of Letter Carriers,20000,20000,0
"Hollen, Chris Van",Massachusetts Mutual Life Insurance,20000,18000,2000
"Hollen, Chris Van",International Assn of Fire Fighters,20000,20000,0
"Hollen, Chris Van",Air Line Pilots Assn,20000,20000,0
"Hollen, Chris Van",Cherokee Nation,20200,0,20200
"Hollen, Chris Van",Hendersen-Webb Inc,20300,0,20300
"Hollen, Chris Van",National Education Assn,20500,15000,5500
"Hollen, Chris Van",National Air Traffic Controllers Assn,20500,20500,0
"Hollen, Chris Van",Nextnav LLC,19350,0,19350
"Hollen, Chris Van",Institute for Health Technology Studie,25300,0,25300
"Hollen, Chris Van",Infinite Computer Solutions,33300,0,33300
"Hollen, Chris Van","Paul, Weiss Et Al",25650,0,25650
"Hollen, Chris Van","Akin, Gump et al",35809,0,35809
"Hollen, Chris Van",Berkshire Hathaway,37763,17500,20263
"Hollen, Chris Van",Covington & Burling,40675,0,40675
"Hollen, Chris Van",Montgomery County Public Schools,40733,0,40733
"Hollen, Chris Van",Total Wine & More,41500,0,41500
"Hollen, Chris Van","Skadden, Arps et al",41570,5000,36570
"Hollen, Chris Van",Emergent Biosolutions,41734,2000,39734
"Hollen, Chris Van",Venable LLP,47478,1000,46478
"Hollen, Chris Van",Northwestern Mutual,48285,25000,23285
"Hollen, Chris Van",US Dept of Justice,48485,0,48485
"Hollen, Chris Van",Johns Hopkins University,50530,0,50530
"Hollen, Chris Van",Deloitte LLP,52656,22500,30156
"Hollen, Chris Van",Marriott International,54465,12500,41965
"Hollen, Chris Van",JStreetPAC,56125,1000,55125
"Hollen, Chris Van",Clinical Care Options,65500,0,65500
"Hollen, Chris Van",Dentons,69276,2500,66776
"Hollen, Chris Van",University of Maryland,72005,0,72005
"Hollen, Chris Van",WilmerHale LLP,72764,0,72764
"Hollen, Chris Van",Arnold & Porter,76850,5000,71850
"Hollen, Chris Van",ArentFox Schiff,80470,10000,70470
"Hollen, Chris Van",Votesane PAC,162250,0,162250
"Hollen, Chris Van",Morgan Lewis LLP,35625,0,35625
"Hollen, Chris Van",US Government,35425,0,35425
"Hollen, Chris Van",Northrop Grumman,35093,27000,8093
"Hollen, Chris Van",Crowell & Moring,34445,2000,32445
"Hollen, Chris Van",Bill & Melinda Gates Foundation,25650,0,25650
"Hollen, Chris Van",NASDAQ Inc,26000,7000,19000
"Hollen, Chris Van",Holland & Knight,26150,2500,23650
"Hollen, Chris Van",National Multifamily Housing Council,26550,25000,1550
"Hollen, Chris Van",Paley Rothman,26750,0,26750
"Hollen, Chris Van",Conceptual Analytics LLC,26800,0,26800
"Hollen, Chris Van",IBM Corp,26932,0,26932
"Hollen, Chris Van",Shelter Group,27700,0,27700
"Hollen, Chris Van",AT&T Inc,28422,19000,9422
"Hollen, Chris Van",DLA Piper,29000,10000,19000
"Hollen, Chris Van",American University,25426,0,25426
"Hollen, Chris Van","Buchanan, Ingersoll & Rooney",29110,0,29110
"Hollen, Chris Van","Regan, Zambri & Long",30300,0,30300
"Hollen, Chris Van",K&L Gates,31175,2000,29175
"Hollen, Chris Van",Promontory Interfinancial Network,31250,0,31250
"Hollen, Chris Van",Choice Hotels International,31410,0,31410
"Hollen, Chris Van",Cornerstone Government Affairs,31700,0,31700
"Hollen, Chris Van","Montgomery County, MD",31855,0,31855
"Hollen, Chris Van",National Assn of Realtors,32703,30510,2193
"Hollen, Chris Van",State of Maryland,32755,0,32755
"Hollen, Chris Van",Tristar Technology Group,32800,0,32800
"Hollen, Chris Van",National Assn of Real Estate Investment Trusts,34350,25000,9350
"Hollen, Chris Van",American Hotel & Lodging Assn,30000,30000,0
"Hollen, Chris Van",US Dept of Health & Human Services,111176,0,111176
"Hyde-Smith, Cindy",Arkansas for Leadership,7500,7500,0
"Hyde-Smith, Cindy",Altria Group,10000,10000,0
"Hyde-Smith, Cindy",National Assn of Home Builders,10000,10000,0
"Hyde-Smith, Cindy",Mississippi ACRE,10000,10000,0
"Hyde-Smith, Cindy",McRight Services,10000,0,10000
"Hyde-Smith, Cindy",MARSHA PAC,10000,10000,0
"Hyde-Smith, Cindy","Jobs, Opportunity & New Ideas PAC",10000,10000,0
"Hyde-Smith, Cindy",Heartland Values PAC,10000,10000,0
"Hyde-Smith, Cindy",Halliburton Co,10000,10000,0
"Hyde-Smith, Cindy",Fund for America's Future,10000,10000,0
"Hyde-Smith, Cindy",Freedom Fund,10000,10000,0
"Hyde-Smith, Cindy",Free State PAC,10000,10000,0
"Hyde-Smith, Cindy",Farm Credit Council,10000,10000,0
"Hyde-Smith, Cindy",Dirigo PAC,10000,10000,0
"Hyde-Smith, Cindy",Denali Leadership PAC,10000,10000,0
"Hyde-Smith, Cindy",Citizens Organized PAC,10000,10000,0
"Hyde-Smith, Cindy",Bluegrass Cmte,10000,10000,0
"Hyde-Smith, Cindy",Automotive Free International Trade PAC,10000,10000,0
"Hyde-Smith, Cindy",Associated Builders & Contractors,10000,10000,0
"Hyde-Smith, Cindy",American Waterways Operators,10000,10000,0
"Hyde-Smith, Cindy",American Optometric Assn,10000,10000,0
"Hyde-Smith, Cindy",American Crystal Sugar,10000,10000,0
"Hyde-Smith, Cindy",American Academy of Pediatric Dentistry,10000,10000,0
"Hyde-Smith, Cindy",National Assn of Wholesaler-Distributors,10000,10000,0
"Hyde-Smith, Cindy",Alamo PAC,10000,10000,0
"Hyde-Smith, Cindy",National Auto Dealers Assn,10000,10000,0
"Hyde-Smith, Cindy",National Chicken Council,10000,10000,0
"Hyde-Smith, Cindy",Aerojet Rocketdyne,7600,7500,100
"Hyde-Smith, Cindy",Mississippi Farm Bureau Federation,7800,7800,0
"Hyde-Smith, Cindy",Southern Pipe & Supply,8000,0,8000
"Hyde-Smith, Cindy",Astn Group,8050,0,8050
"Hyde-Smith, Cindy",Trammell Crow Residential,8400,0,8400
"Hyde-Smith, Cindy",North American Midway Entertainment,8400,0,8400
"Hyde-Smith, Cindy",Maritime Development Center,8400,0,8400
"Hyde-Smith, Cindy","Maynard, Cooper & Gale",8500,8500,0
"Hyde-Smith, Cindy",Entergy Corp,8650,8500,150
"Hyde-Smith, Cindy",Cornerstone Government Affairs,9749,0,9749
"Hyde-Smith, Cindy",Value in Electing Women PAC,10000,10000,0
"Hyde-Smith, Cindy",US Chamber of Commerce,10000,10000,0
"Hyde-Smith, Cindy",Tenn PAC,10000,10000,0
"Hyde-Smith, Cindy",Responsibility & Freedom Work PAC,10000,10000,0
"Hyde-Smith, Cindy",Rely on Your Beliefs,10000,10000,0
"Hyde-Smith, Cindy",Pelican PAC,10000,10000,0
"Hyde-Smith, Cindy",Oorah! PAC,10000,10000,0
"Hyde-Smith, Cindy",One Georgia PAC,10000,10000,0
"Hyde-Smith, Cindy",Next Century Fund,10000,10000,0
"Hyde-Smith, Cindy",Nebraska Sandhills PAC,10000,10000,0
"Hyde-Smith, Cindy",National Cotton Council,10000,10000,0
"Hyde-Smith, Cindy",National Beer Wholesalers Assn,10000,10000,0
"Hyde-Smith, Cindy",Idaho Forest Group,7600,0,7600
"Hyde-Smith, Cindy",Chevron Corp,10005,10000,5
"Hyde-Smith, Cindy",LOCKHEED MARTIN,10090,10000,90
"Hyde-Smith, Cindy",Southern Co,15005,15000,5
"Hyde-Smith, Cindy",Raytheon Technologies,15135,15000,135
"Hyde-Smith, Cindy",Waypoint Consulting,15300,0,15300
"Hyde-Smith, Cindy",Corporate Capital LLC,15800,0,15800
"Hyde-Smith, Cindy",Yates Construction,16800,0,16800
"Hyde-Smith, Cindy",Pruet Oil,16800,0,16800
"Hyde-Smith, Cindy",American Dental Assn,17500,17500,0
"Hyde-Smith, Cindy",Comcast Corp,17562,17500,62
"Hyde-Smith, Cindy",Leidos Inc,19000,10000,9000
"Hyde-Smith, Cindy",Golding Barge Line,19400,0,19400
"Hyde-Smith, Cindy",American Bankers Assn,20025,20000,25
"Hyde-Smith, Cindy",Community Bancshares of Mississippi,20500,10000,10500
"Hyde-Smith, Cindy",Addicus,22100,0,22100
"Hyde-Smith, Cindy",General Atomics,23175,17500,5675
"Hyde-Smith, Cindy",NorPAC,24320,0,24320
"Hyde-Smith, Cindy",National Assn of Realtors,25000,25000,0
"Hyde-Smith, Cindy",Sanderson Farms,26400,0,26400
"Hyde-Smith, Cindy",Huntington Ingalls Industries,28778,15000,13778
"Hyde-Smith, Cindy",Ergon Inc,29400,0,29400
"Hyde-Smith, Cindy",Telapex Inc,34180,10000,24180
"Hyde-Smith, Cindy",Seemann Composites,36300,0,36300
"Hyde-Smith, Cindy",Capitol Resources,13500,0,13500
"Hyde-Smith, Cindy",Caterpillar Inc,10018,10000,18
"Hyde-Smith, Cindy",Freeport-McMoRan,13100,5000,8100
"Hyde-Smith, Cindy",National Multifamily Housing Council,12500,12500,0
"Hyde-Smith, Cindy",Boeing Co,10150,10000,150
"Hyde-Smith, Cindy",NACCO Industries,10300,5000,5300
"Hyde-Smith, Cindy",Dunlap & Kyle,10600,0,10600
"Hyde-Smith, Cindy",Exxon Mobil,10648,10000,648
"Hyde-Smith, Cindy",VT Halter Marine,10850,5000,5850
"Hyde-Smith, Cindy",Toyota Motor North America,10999,10142,857
"Hyde-Smith, Cindy",USA Rice Federation,11000,11000,0
"Hyde-Smith, Cindy",Witkoff Group,11200,0,11200
"Hyde-Smith, Cindy",Ultimate Fighting Championship,11200,0,11200
"Hyde-Smith, Cindy",Mortgage Bankers Assn,12500,12500,0
"Hyde-Smith, Cindy",Station Casinos,11200,0,11200
"Hyde-Smith, Cindy",RDV Corp,11200,0,11200
"Hyde-Smith, Cindy",National Aviation Academy,11200,0,11200
"Hyde-Smith, Cindy",Mountaire Corp,11200,0,11200
"Hyde-Smith, Cindy",Malvaney & Assoc,11200,0,11200
"Hyde-Smith, Cindy",G&S Holdings,11200,0,11200
"Hyde-Smith, Cindy",Clearpath Foundation,11200,0,11200
"Hyde-Smith, Cindy",Alticor Inc,11200,0,11200
"Hyde-Smith, Cindy","Akin, Gump et al",11500,2500,9000
"Hyde-Smith, Cindy",Wade Inc,11600,0,11600
"Hyde-Smith, Cindy",Butler Snow LLP,12000,10000,2000
"Hyde-Smith, Cindy",Sexton Companies,11200,0,11200
"Hyde-Smith, Cindy",Regions Financial,7600,7500,100
"Johnson, Ron",Nixon Peabody LLP,19400,0,19400
"Johnson, Ron",Radio Systems Corp,19200,0,19200
"Johnson, Ron",Kitzinger Lautmann Capital Management,19400,0,19400
"Johnson, Ron",National Assn of Convenience Stores,32500,32500,0
"Johnson, Ron",Wells Fargo,32435,7500,24935
"Johnson, Ron",Comcast Corp,32000,31500,500
"Johnson, Ron",Berkshire Hathaway,31870,29000,2870
"Johnson, Ron",Belmark Inc,30700,0,30700
"Johnson, Ron",Northrop Grumman,30550,30000,550
"Johnson, Ron",Stephens Inc,30400,5000,25400
"Johnson, Ron",Johnson Controls International,30000,14500,15500
"Johnson, Ron",Norfolk Southern,30000,30000,0
"Johnson, Ron",UnitedHealth Group,29800,13500,16300
"Johnson, Ron",Koch Industries,32500,19000,13500
"Johnson, Ron",Oshkosh Corp,29039,5000,24039
"Johnson, Ron",Massachusetts Mutual Life Insurance,28205,20000,8205
"Johnson, Ron",Alta Resources,27950,0,27950
"Johnson, Ron",Altria Group,27900,22500,5400
"Johnson, Ron",Godfrey & Kahn,27610,0,27610
"Johnson, Ron",Direct Supply Inc,27406,5000,22406
"Johnson, Ron",Bank Of America,27335,0,27335
"Johnson, Ron",Rayes Inc,27000,0,27000
"Johnson, Ron",RPM International,26600,5000,21600
"Johnson, Ron",Michels Corp,26300,2700,23600
"Johnson, Ron",Charter Communications,28500,28500,0
"Johnson, Ron",Deloitte LLP,32600,32500,100
"Johnson, Ron",Sargento Foods,33650,0,33650
"Johnson, Ron",United Parcel Service,34925,29500,5425
"Johnson, Ron",Rowe & Co,19700,0,19700
"Johnson, Ron",Club for Growth,525033,0,525033
"Johnson, Ron",Northwestern Mutual,105490,17500,87990
"Johnson, Ron",Foley & Lardner,57325,2000,55325
"Johnson, Ron",NorPAC,54300,0,54300
"Johnson, Ron",Abc Supply,48806,0,48806
"Johnson, Ron",Advocate Health,48797,0,48797
"Johnson, Ron",Honeywell International,46980,36000,10980
"Johnson, Ron",National Republican Senatorial Cmte,46800,46800,0
"Johnson, Ron",AT&T Inc,45520,44500,1020
"Johnson, Ron",Jennmar Corp,42900,0,42900
"Johnson, Ron",Elliott Management,40400,0,40400
"Johnson, Ron",CSX Corp,40000,40000,0
"Johnson, Ron",Union Pacific Corp,40000,40000,0
"Johnson, Ron",American Institute of CPAs,39000,39000,0
"Johnson, Ron",Speed Systems Inc,38500,0,38500
"Johnson, Ron",Station Casinos,37400,0,37400
"Johnson, Ron",AegisPAC,36500,0,36500
"Johnson, Ron",Robert W Baird & Co,36400,0,36400
"Johnson, Ron",NCTA The Internet & Television Assn,36000,36000,0
"Johnson, Ron",American Bankers Assn,35250,35000,250
"Johnson, Ron",RW Selby & Co,26200,0,26200
"Johnson, Ron",FedEx Corp,26148,16000,10148
"Johnson, Ron",BayCare Clinic,28050,0,28050
"Johnson, Ron",Alimentation Couche-Tard,25600,0,25600
"Johnson, Ron",Amway/Alticor Inc,21600,0,21600
"Johnson, Ron",Cmb Regional Centers,21600,0,21600
"Johnson, Ron",Entrepreneurial Corporate Group,21600,0,21600
"Johnson, Ron",Essential Industries,21600,0,21600
"Johnson, Ron",Metalcraft of Mayville,21600,0,21600
"Johnson, Ron",TAMKO Building Products,21600,0,21600
"Johnson, Ron",Templar Securities,21400,0,21400
"Johnson, Ron",Wausau Homes,21400,0,21400
"Johnson, Ron",Duty Free Americas,25800,0,25800
"Johnson, Ron",Verizon Communications,21003,20000,1003
"Johnson, Ron",Hupy & Abraham,21800,0,21800
"Johnson, Ron",Capital Group Companies,20900,0,20900
"Johnson, Ron",Magnolia Marketing,20800,0,20800
"Johnson, Ron",Milksource,20800,0,20800
"Johnson, Ron",WEC Energy Group,20464,5500,14964
"Johnson, Ron",BGR Group,20349,2349,18000
"Johnson, Ron",Lazard Ltd,20300,0,20300
"Johnson, Ron",Kwik Trip Co,20035,0,20035
"Johnson, Ron",Johnsonville Sausage,20004,0,20004
"Johnson, Ron",Freedom Fund,20000,20000,0
"Johnson, Ron",Se,19825,0,19825
"Johnson, Ron",Herzing University,19700,0,19700
"Johnson, Ron",Hartung Brothers Inc,20800,0,20800
"Johnson, Ron",National Roofing Contractors Assn,22000,22000,0
"Johnson, Ron",Woodbranch Investments,21200,0,21200
"Johnson, Ron",Jack Link's Beef Jerky,25000,0,25000
"Johnson, Ron",New Berlin Plastics,22250,0,22250
"Johnson, Ron",Strategy PAC,25000,25000,0
"Johnson, Ron",Wine & Spirits Wholesalers of America,25000,25000,0
"Johnson, Ron",SC Johnson & Son,24885,7700,17185
"Johnson, Ron",Fierce Government Relations,24800,0,24800
"Johnson, Ron",Federal Aviation Admin Managers Assn,24500,24500,0
"Johnson, Ron",Agman Partners,24300,0,24300
"Johnson, Ron","Welsh, Carson et al",24300,0,24300
"Johnson, Ron",Molson Coors Brewing,23820,12000,11820
"Johnson, Ron",Einhorn Assoc,23800,0,23800
"Johnson, Ron",Duchossois Group,24300,0,24300
"Johnson, Ron",Tamarack Petroleum,23400,0,23400
"Johnson, Ron",Minnesota Wild,22399,0,22399
"Johnson, Ron",General Electric,23435,17000,6435
"Johnson, Ron",Ernst & Young,22500,20000,2500
"Johnson, Ron",Continental Properties,22850,0,22850
"Johnson, Ron",UBS AG,22900,15000,7900
"Johnson, Ron",National Beer Wholesalers Assn,22500,22500,0
"Johnson, Ron",Goldman Sachs,23000,6000,17000
"Johnson, Ron",AQR Capital Management,23350,0,23350
"Johnson, Ron",Blackstone Group,22900,0,22900
"Kaine, Tim",Genworth Financial,55376,11500,43876
"Kaine, Tim",Bluestem Asset Management,61200,0,61200
"Kaine, Tim",Cyberdata Technologies,60300,0,60300
"Kaine, Tim",McGuireWoods LLP,60170,7500,52670
"Kaine, Tim",Comcast Corp,58543,35000,23543
"Kaine, Tim",Greenberg Traurig LLP,57825,2500,55325
"Kaine, Tim",Hogan Lovells,57618,4000,53618
"Kaine, Tim",University of Virginia,56971,0,56971
"Kaine, Tim",Wiley Rein LLP,56650,0,56650
"Kaine, Tim",Verizon Communications,54935,10000,44935
"Kaine, Tim",Jones Day,45830,0,45830
"Kaine, Tim",New Richmond Ventures,53200,0,53200
"Kaine, Tim",Hunton Andrews Kurth LLP,52725,0,52725
"Kaine, Tim",Lockheed Martin,51552,41000,10552
"Kaine, Tim",Puma Springs Vineyards,49475,0,49475
"Kaine, Tim",Boeing Co,48890,17500,31390
"Kaine, Tim",Berkshire Hathaway,48579,35000,13579
"Kaine, Tim",Weiss Asset Management,48500,0,48500
"Kaine, Tim",Warburg Pincus,48200,0,48200
"Kaine, Tim",Creative Artists Agency,46700,0,46700
"Kaine, Tim",JPMorgan Chase & Co,61400,32000,29400
"Kaine, Tim",Cerberus Capital Management,53550,28250,25300
"Kaine, Tim",Pinnacle West Capital,62600,39000,23600
"Kaine, Tim",Heising-Simons Foundation,31000,0,31000
"Kaine, Tim",King & Spalding,65825,5000,60825
"Kaine, Tim",Reed Smith LLP,45525,7000,38525
"Kaine, Tim",JStreetPAC,178967,8910,170057
"Kaine, Tim",Kirkland & Ellis,30733,0,30733
"Kaine, Tim",Covington & Burling,149200,0,149200
"Kaine, Tim",Altria Group,113576,37500,76076
"Kaine, Tim",Huntington Ingalls Industries,102055,38000,64055
"Kaine, Tim",Holland & Knight,98799,13000,85799
"Kaine, Tim",Latham & Watkins,91875,0,91875
"Kaine, Tim",Northrop Grumman,85988,41500,44488
"Kaine, Tim",Capital Group Companies,85822,30000,55822
"Kaine, Tim",Centene Corp,63700,15000,48700
"Kaine, Tim",Norfolk Southern,84653,35000,49653
"Kaine, Tim","Akin, Gump et al",81052,4500,76552
"Kaine, Tim",Golden Gate Capital,78600,0,78600
"Kaine, Tim",Route One Investment,77000,0,77000
"Kaine, Tim",Sullivan & Cromwell,76517,0,76517
"Kaine, Tim",Deloitte LLP,74065,40000,34065
"Kaine, Tim",Bloomberg LP,72975,0,72975
"Kaine, Tim",Microsoft Corp,72652,21500,51152
"Kaine, Tim",League of Conservation Voters,71638,11533,60105
"Kaine, Tim",Goldman Sachs,68250,20000,48250
"Kaine, Tim",Sidley Austin LLP,67775,6000,61775
"Kaine, Tim",Dominion Energy,82633,31000,51633
"Kaine, Tim",Democracy Engine,45115,0,45115
"Kaine, Tim",Stanford University,31066,0,31066
"Kaine, Tim",Commonwealth of Virginia,45034,0,45034
"Kaine, Tim",BAE Systems,36315,34500,1815
"Kaine, Tim",Royal Business Bank,35500,0,35500
"Kaine, Tim",Multi Service Corp,35400,0,35400
"Kaine, Tim",Pfizer Inc,35020,35000,20
"Kaine, Tim",Strategic Analysis Inc,35000,0,35000
"Kaine, Tim",Bank of New York Mellon,34800,6000,28800
"Kaine, Tim",George Washington University,34458,0,34458
"Kaine, Tim",Amazon.com,33945,17500,16445
"Kaine, Tim",American Healthcare LLC,33839,0,33839
"Kaine, Tim",Wilmerhale Llp,33654,0,33654
"Kaine, Tim",Mvm Inc,33400,0,33400
"Kaine, Tim",Edgar Lomax Co,32700,0,32700
"Kaine, Tim",Virginia Commonwealth University,32676,0,32676
"Kaine, Tim",US Government,32577,0,32577
"Kaine, Tim",Alphabet Inc,32510,16000,16510
"Kaine, Tim","Simpson, Thacher & Bartlett",32300,0,32300
"Kaine, Tim",RTX Corp,32045,29000,3045
"Kaine, Tim",Anheuser-Busch,31525,30000,1525
"Kaine, Tim",National Multifamily Housing Council,31500,31500,0
"Kaine, Tim",American Hospital Assn,31350,30000,1350
"Kaine, Tim",Alston & Bird,31150,20000,11150
"Kaine, Tim",Motley Rice LLC,37400,0,37400
"Kaine, Tim",Generation Investment Management,45100,0,45100
"Kaine, Tim",National Air Traffic Controllers Assn,37500,37500,0
"Kaine, Tim",McCandlish Holton Pc,37900,0,37900
"Kaine, Tim",Physicians Mutual Insurance,45000,45000,0
"Kaine, Tim",Apex Covantage,44715,0,44715
"Kaine, Tim",Honeywell International,43495,37500,5995
"Kaine, Tim",DLA Piper,43420,10000,33420
"Kaine, Tim",Grant & Eisenhofer,43300,0,43300
"Kaine, Tim",Mortgage Bankers Assn,43100,35000,8100
"Kaine, Tim",SAIC,42800,39500,3300
"Kaine, Tim",Morgan Stanley,42553,9000,33553
"Kaine, Tim","Kellogg, Hansen et al",40900,0,40900
"Kaine, Tim",Arnold & Porter Kaye Scholer,40887,5000,35887
"Kaine, Tim","Paul, Weiss et al",40662,0,40662
"Kaine, Tim",Columbus Rose Ltd,40650,0,40650
"Kaine, Tim",Accenture,40404,14000,26404
"Kaine, Tim",United Airlines Holdings,40229,11000,29229
"Kaine, Tim","Buchanan, Ingersoll & Rooney",39950,0,39950
"Kaine, Tim",Leidos Inc,39923,18500,21423
"Kaine, Tim",General Dynamics,38973,35000,3973
"Kaine, Tim",UBS AG,38700,27500,11200
"Kaine, Tim",University of California,38663,0,38663
"Kaine, Tim",Cimpress plc,38150,0,38150
"Kaine, Tim",Wize Solutions,38100,0,38100
"Kaine, Tim",Micron Technology,37800,30800,7000
"Kaine, Tim",O'Melveny & Myers,30851,0,30851
"Kaine, Tim",AT&T Inc,45007,13000,32007
"Kelly, Mark",Arnold & Porter Kaye Scholer,17942,2500,15442
"Kelly, Mark",US Dept of Health & Human Services,39050,0,39050
"Kelly, Mark",Blue Cross/Blue Shield,38658,0,38658
"Kelly, Mark",University of Texas,36819,0,36819
"Kelly, Mark",Wells Fargo,36168,0,36168
"Kelly, Mark",Deer Management,36100,0,36100
"Kelly, Mark",Massachusetts Institute of Technology,35451,0,35451
"Kelly, Mark",State of California,35282,0,35282
"Kelly, Mark",Yale University,34390,0,34390
"Kelly, Mark",Kaiser Permanente,33733,0,33733
"Kelly, Mark",US Dept of Veterans Affairs,33649,0,33649
"Kelly, Mark",US House of Representatives,33535,0,33535
"Kelly, Mark",University of Maryland,32269,0,32269
"Kelly, Mark",University of Washington,31797,0,31797
"Kelly, Mark",Mass General Brigham,31563,0,31563
"Kelly, Mark",Mayo Clinic,31348,0,31348
"Kelly, Mark",US Dept of Defense,30970,0,30970
"Kelly, Mark",California State University,29834,0,29834
"Kelly, Mark","Akin, Gump et al",29687,5000,24687
"Kelly, Mark",Columbia University,29448,0,29448
"Kelly, Mark",Blackstone Group,29197,0,29197
"Kelly, Mark","Williams, Hart et al",29000,0,29000
"Kelly, Mark",Warner Brothers Discovery,40184,0,40184
"Kelly, Mark",Motley Rice LLC,42000,0,42000
"Kelly, Mark","Pima County, AZ",42109,0,42109
"Kelly, Mark",Raytheon Technologies,42294,0,42294
"Kelly, Mark","Cleary, Gottlieb et al",17708,0,17708
"Kelly, Mark",Democracy Engine,404122,0,404122
"Kelly, Mark",University of California,189832,0,189832
"Kelly, Mark",Alphabet Inc,133466,5000,128466
"Kelly, Mark",University of Arizona,126035,0,126035
"Kelly, Mark",JStreetPAC,120601,0,120601
"Kelly, Mark",Arizona State University,105373,0,105373
"Kelly, Mark",Microsoft Corp,83903,0,83903
"Kelly, Mark",Apple Inc,70618,0,70618
"Kelly, Mark",Amazon.com,62019,0,62019
"Kelly, Mark",SV Angel LLC,28200,0,28200
"Kelly, Mark",US Government,61014,0,61014
"Kelly, Mark",Stanford University,58319,0,58319
"Kelly, Mark",Kirkland & Ellis,56500,0,56500
"Kelly, Mark",Harvard University,53558,0,53558
"Kelly, Mark",Democratic Senatorial Campaign Cmte,51450,51200,250
"Kelly, Mark",Banner Health,49418,0,49418
"Kelly, Mark",Jane Street Group,48500,0,48500
"Kelly, Mark",IBM Corp,47750,0,47750
"Kelly, Mark",Comcast Corp,46895,0,46895
"Kelly, Mark",Intel Corp,46058,0,46058
"Kelly, Mark",Wilmerhale Llp,44201,0,44201
"Kelly, Mark",Walt Disney Co,58942,0,58942
"Kelly, Mark",University of Michigan,28174,0,28174
"Kelly, Mark",Abelson Taylor,17600,0,17600
"Kelly, Mark",Rudin Management,26600,0,26600
"Kelly, Mark",University of Colorado,20148,0,20148
"Kelly, Mark","City & County of San Francisco, CA",20105,0,20105
"Kelly, Mark",Sony Corp,20100,0,20100
"Kelly, Mark",New York University,20080,0,20080
"Kelly, Mark",National Assn of Realtors,20000,20000,0
"Kelly, Mark",American Airlines Group,19973,0,19973
"Kelly, Mark",Susman Godfrey LLP,19900,0,19900
"Kelly, Mark",Sidley Austin LLP,19778,0,19778
"Kelly, Mark",University of Southern California,19524,0,19524
"Kelly, Mark",Silver Lake Partners,19250,0,19250
"Kelly, Mark",United Airlines Holdings,18994,0,18994
"Kelly, Mark",Oaktree Capital Management,18980,0,18980
"Kelly, Mark",University of Wisconsin,18755,0,18755
"Kelly, Mark",Dar Group Investments,18600,0,18600
"Kelly, Mark",Valve Corp,18551,0,18551
"Kelly, Mark",National Education Assn,18379,10000,8379
"Kelly, Mark",Northwestern University,18359,0,18359
"Kelly, Mark",Oracle Corp,18212,0,18212
"Kelly, Mark",Apollo Global Management,18087,0,18087
"Kelly, Mark",NASA,26978,0,26978
"Kelly, Mark",Arizona Community Physicians,17990,0,17990
"Kelly, Mark",Johns Hopkins University,20436,0,20436
"Kelly, Mark",Emory University,20517,0,20517
"Kelly, Mark",City University of New York,17987,0,17987
"Kelly, Mark","Baker, Donelson et al",21070,0,21070
"Kelly, Mark",Snell & Wilmer,26175,0,26175
"Kelly, Mark",JPMorgan Chase & Co,26014,0,26014
"Kelly, Mark",Power Rogers LLP,25675,0,25675
"Kelly, Mark",Ballard Spahr LLP,25665,10000,15665
"Kelly, Mark","Paul, Weiss et al",25525,0,25525
"Kelly, Mark",University of Chicago,25079,0,25079
"Kelly, Mark","City of New York, NY",20800,0,20800
"Kelly, Mark",Boeing Co,24344,0,24344
"Kelly, Mark",Netflix Inc,23923,0,23923
"Kelly, Mark",US Dept of Agriculture,23748,0,23748
"Kelly, Mark",Northrop Grumman,23730,0,23730
"Kelly, Mark",US Dept of the Interior,24701,0,24701
"Kelly, Mark","Kleiner, Perkins et al",23200,0,23200
"Kelly, Mark",Vistria Group,23200,0,23200
"Kelly, Mark",University of Minnesota,22537,0,22537
"Kelly, Mark",K&L Gates,22275,3000,19275
"Kelly, Mark",Honeywell International,22082,0,22082
"Kelly, Mark",Meta,22056,0,22056
"Kelly, Mark",Cornell University,21668,0,21668
"Kelly, Mark",Raikes Foundation,21600,0,21600
"Kelly, Mark",Deloitte LLP,21375,0,21375
"Kelly, Mark",Bain Capital,21200,0,21200
"Kelly, Mark",4-D Properties,23400,0,23400
"Kennedy, John",Offshore Liftboats LLC,27100,0,27100
"Kennedy, John",Collier Investments,27100,0,27100
"Kennedy, John",ISC Constructors,27300,0,27300
"Kennedy, John",Kinsey Interests,27950,0,27950
"Kennedy, John",Lamarque Motor Co,29100,0,29100
"Kennedy, John",D&J Construction,28490,0,28490
"Kennedy, John",Lwcc,28499,0,28499
"Kennedy, John",LHC Group,29000,7000,22000
"Kennedy, John",Crest Industries,28000,0,28000
"Kennedy, John",Versabar Inc,26910,0,26910
"Kennedy, John",Fairfield Property Management,23800,0,23800
"Kennedy, John",Foley & Judell,25800,0,25800
"Kennedy, John",Family Eye Care Assoc,25400,0,25400
"Kennedy, John",Fran Oil,25400,0,25400
"Kennedy, John",Marathon Petroleum,25120,25000,120
"Kennedy, John",B&G Food Enterprises,24500,0,24500
"Kennedy, John",Pellerin Laundry Machine Sales,24500,0,24500
"Kennedy, John",Davison Transport,24300,0,24300
"Kennedy, John",Harvey Gulf International Marine,24300,0,24300
"Kennedy, John","Stone, Pigman et al",23950,0,23950
"Kennedy, John",Latter & Blum,29800,0,29800
"Kennedy, John",Edison Chouest Offshore,26800,0,26800
"Kennedy, John",Roy O Martin Lumber,30200,0,30200
"Kennedy, John",Corporate Capital LLC,35600,0,35600
"Kennedy, John",Tellurian Inc,31325,5000,26325
"Kennedy, John",Lumen Technologies,23355,15500,7855
"Kennedy, John",Acadian Ambulance Service,53600,15000,38600
"Kennedy, John",Atco Investment,53500,0,53500
"Kennedy, John",Morris & Dickson,48600,0,48600
"Kennedy, John",Amway/Alticor Inc,48200,5000,43200
"Kennedy, John",Ochsner Health System,42430,0,42430
"Kennedy, John",Central Management,40800,0,40800
"Kennedy, John",Terral River Service,39100,0,39100
"Kennedy, John","Johnson, Rice & Co",38300,0,38300
"Kennedy, John",Performance Contractors Inc,36821,0,36821
"Kennedy, John",Bollinger Shipyards,36800,0,36800
"Kennedy, John",Will-Drill Resources,35750,0,35750
"Kennedy, John",Amedisys Inc,35210,30000,5210
"Kennedy, John",Cajun Industries,35100,0,35100
"Kennedy, John",Hri Properties,35033,0,35033
"Kennedy, John",Turner Industries,34950,0,34950
"Kennedy, John",Berkshire Hathaway,34831,17500,17331
"Kennedy, John",Latham & Watkins,34400,0,34400
"Kennedy, John",Port Aggregates Inc,32600,0,32600
"Kennedy, John",Lamar Advertising,32000,5000,27000
"Kennedy, John",UBS AG,31400,25000,6400
"Kennedy, John",Fishman Haygood LLP,30500,0,30500
"Kennedy, John",Builders Supply Co,22850,0,22850
"Kennedy, John",Madden Contracting,22850,0,22850
"Kennedy, John",Willis-Knighton Health System,18100,0,18100
"Kennedy, John",Industrial Specialty,19300,0,19300
"Kennedy, John",Kencoil Inc,19200,0,19200
"Kennedy, John",Republic Beverage,19200,0,19200
"Kennedy, John",Plexos Group,19100,0,19100
"Kennedy, John","Bernstein, Litowitz et al",19000,0,19000
"Kennedy, John",Crosby Tugs,19000,0,19000
"Kennedy, John",Larsen Intermodal Services,19000,0,19000
"Kennedy, John",Leblanc Auto,19000,0,19000
"Kennedy, John",Vintage Realty,17950,0,17950
"Kennedy, John",Louisiana Rice Mill LLC,19000,0,19000
"Kennedy, John",Capital One Financial,19515,18500,1015
"Kennedy, John",Mallett Buildings,19000,0,19000
"Kennedy, John",Wampold Companies,19000,0,19000
"Kennedy, John",Oats & Marino,18900,0,18900
"Kennedy, John",Richardson Companies,18900,0,18900
"Kennedy, John",Huval & Assoc,18600,0,18600
"Kennedy, John",National Assn of Realtors,18500,18500,0
"Kennedy, John",Star Service,18500,0,18500
"Kennedy, John",Bank of Montgomery,18200,0,18200
"Kennedy, John",Bass Ltd,18200,0,18200
"Kennedy, John","Cole, Evans & Peterson",18100,0,18100
"Kennedy, John",Cajun Chef Products,22500,0,22500
"Kennedy, John",Pontchartrain Capital,19000,0,19000
"Kennedy, John",Barriere Construction,19800,0,19800
"Kennedy, John","Linfield, Hunter & Junius",19000,0,19000
"Kennedy, John",Ghk Developments,20000,0,20000
"Kennedy, John",Royal Honda,19900,0,19900
"Kennedy, John",Metro Aviation Inc,21800,0,21800
"Kennedy, John",Woodward Design & Build,21800,0,21800
"Kennedy, John",Courtesy Automotive,21700,0,21700
"Kennedy, John",Gaubert Oil Co,21700,0,21700
"Kennedy, John",Soil Stabilizers,21700,0,21700
"Kennedy, John",Ul Coleman Companies,21700,0,21700
"Kennedy, John",Barrister Global Services,21600,0,21600
"Kennedy, John",Correct Care Inc,21600,0,21600
"Kennedy, John",Hercules Transport,21500,0,21500
"Kennedy, John",Blessey Marine Service,21200,13100,8100
"Kennedy, John",Tulane University,22200,0,22200
"Kennedy, John",Mortgage Bankers Assn,21000,21000,0
"Kennedy, John",Crosby Energy Services,21025,0,21025
"Kennedy, John",Deloitte LLP,20095,20000,95
"Kennedy, John",Northrop Grumman,20172,19000,1172
"Kennedy, John",Madden Construction,20250,0,20250
"Kennedy, John",Tucker Property Management,20300,0,20300
"Kennedy, John",United Parcel Service,20020,19500,520
"Kennedy, John",Major Equipment & Remediation Services,20500,0,20500
"Kennedy, John",Acme Oysters,20700,0,20700
"Kennedy, John",McC Group,20900,0,20900
"Kennedy, John",Adams & Reese,20900,12500,8400
"Kennedy, John",Chaffe McCall LLP,20450,0,20450
"King, Angus",America's Credit Unions,16000,15000,1000
"King, Angus",Boeing Co,18000,17500,500
"King, Angus",UBS AG,17700,15000,2700
"King, Angus",Cardinal Health,17500,17500,0
"King, Angus",Sun Life Financial,17400,15400,2000
"King, Angus",Bowdoin College,17175,0,17175
"King, Angus",NextEra Energy,17000,17000,0
"King, Angus",Drummond Woodsum,16950,0,16950
"King, Angus",Lee Auto Mall,16500,0,16500
"King, Angus",National Multifamily Housing Council,16000,16000,0
"King, Angus",State of Maine,14450,0,14450
"King, Angus",International Brotherhood of Electrical Workers,15000,15000,0
"King, Angus",Laborers Union,15000,15000,0
"King, Angus",Plumbers/Pipefitters Union,15000,15000,0
"King, Angus",Mortgage Bankers Assn,14500,14500,0
"King, Angus",Independent Community Bankers of America,14000,14000,0
"King, Angus",National Assn of Realtors,14000,14000,0
"King, Angus",Texas Instruments,13700,10000,3700
"King, Angus",Dakota Prairie PAC,13691,13691,0
"King, Angus",International Paper,13500,13500,0
"King, Angus",Walmart Inc,13500,13500,0
"King, Angus",Fidelity Investments,15500,14500,1000
"King, Angus",Spectrum Medical Group,18250,0,18250
"King, Angus",Geiger,13400,0,13400
"King, Angus",Telephone & Data Systems Inc,19800,9000,10800
"King, Angus",General Dynamics,97650,41000,56650
"King, Angus",JStreetPAC,88085,0,88085
"King, Angus",Northrop Grumman,73300,42000,31300
"King, Angus",Unum Group,38786,22500,16286
"King, Angus",Lockheed Martin,38500,38500,0
"King, Angus",Paloma Partners,37900,0,37900
"King, Angus",League of Conservation Voters,33853,11999,21854
"King, Angus",American Institute of CPAs,31000,31000,0
"King, Angus",Alphabet Inc,30800,20000,10800
"King, Angus",American Hotel & Lodging Assn,30000,30000,0
"King, Angus",Microsoft Corp,19100,18000,1100
"King, Angus",Comcast Corp,27650,25000,2650
"King, Angus",Cooney & Conway,27000,0,27000
"King, Angus",RTX Corp,26650,14000,12650
"King, Angus",AT&T Inc,26000,26000,0
"King, Angus",American Assn for Justice,25000,25000,0
"King, Angus",Democracy Engine,23425,0,23425
"King, Angus",Honeywell International,22500,22500,0
"King, Angus",New York Life Insurance,22500,22500,0
"King, Angus",Charter Communications,22000,22000,0
"King, Angus",T-Mobile USA,21000,21000,0
"King, Angus",International Franchise Assn,20000,20000,0
"King, Angus","Bernstein, Shur et al",27025,0,27025
"King, Angus",Anthem Inc,13100,10000,3100
"King, Angus",Goulston & Storrs,10550,0,10550
"King, Angus",Procter & Gamble,13000,11000,2000
"King, Angus",American Federation of Teachers,10000,10000,0
"King, Angus",American Wind Energy Assn,10000,10000,0
"King, Angus",Association for Advanced Life Underwriting,10000,10000,0
"King, Angus",Blue Hen PAC,10000,10000,0
"King, Angus",Ernst & Young,10000,10000,0
"King, Angus",Fearless for the People,10000,10000,0
"King, Angus",Global Capital,10000,0,10000
"King, Angus",Hoosiers First PAC,10000,10000,0
"King, Angus",Impact (Schumer),10000,10000,0
"King, Angus",International Assn of Fire Fighters,10000,10000,0
"King, Angus",American Federation of State/Cnty/Munic Employees,10000,10000,0
"King, Angus",M-PAC,10000,10000,0
"King, Angus",Midwest Values PAC,10000,10000,0
"King, Angus",National Active & Retired Federal Employees Assn,10000,10000,0
"King, Angus",National Assn of Insurance & Financial Advisors,10000,10000,0
"King, Angus",National Education Assn,10000,10000,0
"King, Angus",National Potato Council,10000,10000,0
"King, Angus",Nutmeg PAC,10000,10000,0
"King, Angus",Operating Engineers Union,10000,10000,0
"King, Angus",PAC for a Level Playing Field,10000,10000,0
"King, Angus",Prairie PAC,10000,10000,0
"King, Angus",Jay Cashman Inc,13100,0,13100
"King, Angus",Machinists/Aerospace Workers Union,10000,10000,0
"King, Angus",American Council of Life Insurers,10000,10000,0
"King, Angus",SpaceX,10000,10000,0
"King, Angus","Williams, Hart et al",10800,0,10800
"King, Angus",Verizon Communications,10500,10500,0
"King, Angus",Jackson Laboratory,12775,0,12775
"King, Angus",National Air Traffic Controllers Assn,12500,12500,0
"King, Angus",Huntington Ingalls Industries,12000,12000,0
"King, Angus",SMART Transportation Division,12000,12000,0
"King, Angus",Aetna Inc,11800,0,11800
"King, Angus",American Bankers Assn,11250,10000,1250
"King, Angus",Capitol Counsel,11200,0,11200
"King, Angus",Atlas Holdings,11000,0,11000
"King, Angus",Deloitte LLP,11000,10000,1000
"King, Angus",National Assn of Broadcasters,11000,8500,2500
"King, Angus",Bad Robot Productions,12800,0,12800
"King, Angus",Allogene,10800,0,10800
"King, Angus",Atlas Energy,10800,0,10800
"King, Angus",BeLLCo Capital LLC,10800,0,10800
"King, Angus",Carnival Corp,10800,0,10800
"King, Angus",Elevation Partners,10800,0,10800
"King, Angus","English, Munger & Rice",10800,0,10800
"King, Angus",Harraseeket Inn,10800,0,10800
"King, Angus","Keefe, Keefe & Unsell",10800,0,10800
"King, Angus",Simmons Hanly Conroy,10800,0,10800
"King, Angus","Welsh, Carson et al",10800,0,10800
"King, Angus",Verrill Dana Llp,10950,0,10950
"Klobuchar, Amy","Faegre, Drinker et al",24375,9000,15375
"Klobuchar, Amy",WilmerHale LLP,24215,0,24215
"Klobuchar, Amy",Carval Investors,23600,0,23600
"Klobuchar, Amy",Laborers Union,22500,22500,0
"Klobuchar, Amy",Michael Stars Inc,23249,0,23249
"Klobuchar, Amy",Carlson Companies,22560,0,22560
"Klobuchar, Amy",Ironworkers Union,22500,22500,0
"Klobuchar, Amy",Key Investments,23300,0,23300
"Klobuchar, Amy",Blue Cross/Blue Shield,24544,8000,16544
"Klobuchar, Amy",State of Minnesota,25305,0,25305
"Klobuchar, Amy",Operating Engineers Union,25000,25000,0
"Klobuchar, Amy",NCTA The Internet & Television Assn,25000,23500,1500
"Klobuchar, Amy",American Assn for Justice,25000,25000,0
"Klobuchar, Amy",Polaris Industries,25660,2500,23160
"Klobuchar, Amy",Allied Wallet,25800,0,25800
"Klobuchar, Amy",Ford Motor Co,26085,15000,11085
"Klobuchar, Amy",UBS AG,26122,25000,1122
"Klobuchar, Amy",Deloitte LLP,26183,20000,6183
"Klobuchar, Amy",Harvard University,26300,0,26300
"Klobuchar, Amy",NTCA/Rural Broadband Assn,22500,22500,0
"Klobuchar, Amy",Hilton Worldwide,24563,15000,9563
"Klobuchar, Amy",Minnesota Vikings,26400,0,26400
"Klobuchar, Amy",Greenberg Traurig LLP,19073,2500,16573
"Klobuchar, Amy",Thrivent Financial,21939,13333,8606
"Klobuchar, Amy",Mayo Clinic,26447,0,26447
"Klobuchar, Amy",Oracle Corp,17001,3500,13501
"Klobuchar, Amy",Poet LLC,17300,10000,7300
"Klobuchar, Amy",Procter & Gamble,17400,10000,7400
"Klobuchar, Amy",Stinson LLP,17425,0,17425
"Klobuchar, Amy",Fredrikson & Byron,17484,0,17484
"Klobuchar, Amy",International Assn of Fire Fighters,17500,17500,0
"Klobuchar, Amy","Paul, Weiss et al",17875,0,17875
"Klobuchar, Amy",League of Conservation Voters,18000,4500,13500
"Klobuchar, Amy",American Academy of Neurology,18000,18000,0
"Klobuchar, Amy",Home Depot,22033,21500,533
"Klobuchar, Amy",General Motors,18010,18000,10
"Klobuchar, Amy",Gray Plant Mooty,19056,6868,12188
"Klobuchar, Amy",Planned Parenthood,19450,5000,14450
"Klobuchar, Amy",Abbott Laboratories,19482,15000,4482
"Klobuchar, Amy",Walmart Inc,19632,14000,5632
"Klobuchar, Amy",National Rural Electric Cooperative Assn,20060,20000,60
"Klobuchar, Amy",Berkshire Hathaway,20310,17000,3310
"Klobuchar, Amy",Infinite Campus,20400,0,20400
"Klobuchar, Amy",AT&T Inc,20870,5700,15170
"Klobuchar, Amy",American Crystal Sugar,21350,20000,1350
"Klobuchar, Amy",United Talent Agency,21625,0,21625
"Klobuchar, Amy",Goldman Sachs,18700,2000,16700
"Klobuchar, Amy",National Assn of Broadcasters,26500,26000,500
"Klobuchar, Amy",Robins Kaplan LLP,36950,6000,30950
"Klobuchar, Amy",Medica,27232,0,27232
"Klobuchar, Amy",Alphabet Inc,41922,26000,15922
"Klobuchar, Amy",Medtronic Inc,42276,18000,24276
"Klobuchar, Amy",Centerview Partners,42400,0,42400
"Klobuchar, Amy",Xcel Energy,43135,13000,30135
"Klobuchar, Amy",Best Buy,44154,12500,31654
"Klobuchar, Amy",Womencount PAC,44156,6,44150
"Klobuchar, Amy",Lockridge Grindal Nauen Pllp,45548,8998,36550
"Klobuchar, Amy",NAU Country Insurance,46575,0,46575
"Klobuchar, Amy",Land O'Lakes,46658,9000,37658
"Klobuchar, Amy",Morgan Stanley,46785,10000,36785
"Klobuchar, Amy",Target Corp,47434,17000,30434
"Klobuchar, Amy",Starkey Hearing Technologies,48110,1000,47110
"Klobuchar, Amy",US Bancorp,50993,9000,41993
"Klobuchar, Amy",General Mills,52728,6500,46228
"Klobuchar, Amy",Cargill Inc,53655,11000,42655
"Klobuchar, Amy",Microsoft Corp,54200,20000,34200
"Klobuchar, Amy",Dorsey & Whitney,60718,4250,56468
"Klobuchar, Amy",Comcast Corp,61277,29500,31777
"Klobuchar, Amy","Wachtell, Lipton et al",75959,0,75959
"Klobuchar, Amy",Delta Air Lines,81279,25000,56279
"Klobuchar, Amy",University of Minnesota,87987,0,87987
"Klobuchar, Amy",Ecolab Inc,40500,9000,31500
"Klobuchar, Amy",National Air Traffic Controllers Assn,27000,27000,0
"Klobuchar, Amy",UnitedHealth Group,38264,7500,30764
"Klobuchar, Amy",Centerbridge Partners,35600,0,35600
"Klobuchar, Amy",American Hotel & Lodging Assn,27400,27400,0
"Klobuchar, Amy",Yelp Inc,27800,4400,23400
"Klobuchar, Amy",Shakopee Mdewakanton Sioux Community,28100,0,28100
"Klobuchar, Amy","Sheet Metal, Air, Rail & Transportation Union",28500,28500,0
"Klobuchar, Amy",Heartland Realty Investors,28500,0,28500
"Klobuchar, Amy",Gracie Films,28600,0,28600
"Klobuchar, Amy",3M Co,29034,10000,19034
"Klobuchar, Amy",Southern Minn Beet Sugar Co-Op,30000,30000,0
"Klobuchar, Amy",Painters & Allied Trades Union,30000,30000,0
"Klobuchar, Amy",National Beer Wholesalers Assn,30000,30000,0
"Klobuchar, Amy",Carpenters & Joiners Union,30000,30000,0
"Klobuchar, Amy",International Brotherhood of Electrical Workers,30306,30000,306
"Klobuchar, Amy",Honeywell International,30698,28000,2698
"Klobuchar, Amy",Directors Guild of America,30800,15000,15800
"Klobuchar, Amy",Air Line Pilots Assn,31005,30000,1005
"Klobuchar, Amy",Apollo Global Management,31226,7500,23726
"Klobuchar, Amy",Wells Fargo,32499,3500,28999
"Klobuchar, Amy",Pohlad Companies,34000,0,34000
"Klobuchar, Amy",Carsey-Werner LLC,34200,0,34200
"Klobuchar, Amy",Marriott International,34700,17500,17200
"Klobuchar, Amy",CSM Corp,35600,0,35600
"Klobuchar, Amy",Garden Homes,37525,0,37525
"Klobuchar, Amy",Walt Disney Co,91501,18250,73251
"Klobuchar, Amy",Facebook Inc,16500,7500,9000
"Klobuchar, Amy",Securian Financial Group,16835,7600,9235
"Lankford, James",Honeywell International,51500,36000,15500
"Lankford, James",American Institute of CPAs,13500,13500,0
"Lankford, James",Bluescape Resources,13800,0,13800
"Lankford, James",NextEra Energy,14000,14000,0
"Lankford, James",JPMorgan Chase & Co,14500,14000,500
"Lankford, James",Grant Thornton LLP,14500,14500,0
"Lankford, James",American Dental Assn,14500,14500,0
"Lankford, James",Altria Group,14500,14500,0
"Lankford, James",American Fidelity Corp,14520,7400,7120
"Lankford, James",UBS Americas,15000,15000,0
"Lankford, James",Mortgage Bankers Assn,15000,15000,0
"Lankford, James",Free State PAC,15000,15000,0
"Lankford, James",OGE Energy,15550,9100,6450
"Lankford, James",Spirit Aerosystems,16000,16000,0
"Lankford, James",Enterprise Holdings,16000,16000,0
"Lankford, James",American Airlines,16000,15000,1000
"Lankford, James",Aircraft Owners & Pilots Assn,16000,16000,0
"Lankford, James",Action Safety Supply,16050,0,16050
"Lankford, James",Legacy Bank,16200,0,16200
"Lankford, James",Hall Capital Partners,16200,0,16200
"Lankford, James",Gaming Capital Group,16200,0,16200
"Lankford, James",Elmbrook Management,16400,0,16400
"Lankford, James",Siemens Corp,13250,8750,4500
"Lankford, James",Boesch & Co,12850,0,12850
"Lankford, James",Exxon Mobil,12775,12500,275
"Lankford, James",Arkansas for Leadership,12500,12500,0
"Lankford, James",Midfirst Bank,10800,0,10800
"Lankford, James",Mathis Brothers Furniture,10800,0,10800
"Lankford, James",Heritage Foundation,10800,0,10800
"Lankford, James",Friess Assoc,10800,0,10800
"Lankford, James",Huntington Ingalls Industries,11000,11000,0
"Lankford, James",Capital Group Companies,11200,4500,6700
"Lankford, James",Blackstone Group,11200,0,11200
"Lankford, James",Chesapeake Energy,11325,10000,1325
"Lankford, James",Harrison Gypsum,11400,0,11400
"Lankford, James",Seaboard Corp,11500,11500,0
"Lankford, James",Leidos Inc,11500,11500,0
"Lankford, James",General Motors,11500,10000,1500
"Lankford, James",BP,11500,11500,0
"Lankford, James",Arrow Oil & Gas,11700,0,11700
"Lankford, James",National Roofing Contractors Assn,12000,12000,0
"Lankford, James",Melton Truck Lines,12000,0,12000
"Lankford, James",Federal Aviation Admin Managers Assn,12000,12000,0
"Lankford, James",American Health Care Assn,12000,12000,0
"Lankford, James",Shakopee Mdewakanton Sioux Community,12100,0,12100
"Lankford, James",Peter Norbeck Leadership PAC,12500,12500,0
"Lankford, James",Google Inc,12500,12500,0
"Lankford, James",Oklahoma Heart Hospital,16959,0,16959
"Lankford, James",Pinnacle West Capital,17000,17000,0
"Lankford, James",Blue Cross/Blue Shield,53500,53000,500
"Lankford, James",American Seniors Housing Assn,17500,17500,0
"Lankford, James",Ward Petroleum,23600,0,23600
"Lankford, James",American Bankers Assn,23750,17500,6250
"Lankford, James",Pelco Structural,24112,0,24112
"Lankford, James",American Assn of Orthopaedic Surgeons,24500,24500,0
"Lankford, James",FedEx Corp,25000,25000,0
"Lankford, James",Comcast Corp,25000,25000,0
"Lankford, James",Cherokee Nation,25400,0,25400
"Lankford, James",American Optometric Assn,27250,26500,750
"Lankford, James",BancFirst,27350,1500,25850
"Lankford, James",Energy Transfer Partners,30600,5000,25600
"Lankford, James",Senior Star,22600,0,22600
"Lankford, James",Koch Industries,30800,20000,10800
"Lankford, James",Northrop Grumman,31525,31500,25
"Lankford, James",Berkshire Hathaway,31900,26500,5400
"Lankford, James",New York Life Insurance,32000,30000,2000
"Lankford, James",AT&T Inc,32500,31000,1500
"Lankford, James",Chickasaw Nation,34383,0,34383
"Lankford, James",United Parcel Service,34647,34647,0
"Lankford, James",Devon Energy,39200,10000,29200
"Lankford, James",Union Pacific Corp,40000,40000,0
"Lankford, James",Cox Enterprises,44500,41000,3500
"Lankford, James",Deloitte LLP,17500,17500,0
"Lankford, James",Koch Inc,30800,20000,10800
"Lankford, James",International Paper,22500,22500,0
"Lankford, James",Ernst & Young,46250,42500,3750
"Lankford, James",Valero Energy,22500,22500,0
"Lankford, James",Marathon Petroleum,18500,18500,0
"Lankford, James",Williams & Jensen,18883,1000,17883
"Lankford, James",Walmart Inc,18890,18500,390
"Lankford, James",General Dynamics,19000,19000,0
"Lankford, James",Air Line Pilots Assn,19000,19000,0
"Lankford, James",Hanor Co,19500,0,19500
"Lankford, James",National Assn of Chemical Distributors,22500,22500,0
"Lankford, James",Rooney Holdings,19600,0,19600
"Lankford, James",Reclaim America PAC,20000,20000,0
"Lankford, James",National Assn of Realtors,20000,20000,0
"Lankford, James",National Active & Retired Federal Employees Assn,20000,20000,0
"Lankford, James",Goldman Sachs,19500,18500,1000
"Lankford, James",Freedom Fund,20000,20000,0
"Lankford, James",Home Depot,20000,20000,0
"Lankford, James",Oklahoma State University,21800,0,21800
"Lankford, James",Mathena Inc,21600,0,21600
"Lankford, James",Amgen Inc,21500,21000,500
"Lankford, James",Williams Companies,22500,20500,2000
"Lankford, James",MANHATTAN ROAD & BRIDGE,21400,0,21400
"Lankford, James",L3Harris Technologies,20500,20500,0
"Lankford, James",Charter Communications,20000,20000,0
"Lankford, James",Dakota PAC,20000,20000,0
"Lankford, James",Lockheed Martin,21500,21500,0
"Leahy, Patrick",Pfizer Inc,31000,31000,0
"Leahy, Patrick",Duberstein Group,30700,0,30700
"Leahy, Patrick",American Federation of State/Cnty/Munic Employees,30500,30500,0
"Leahy, Patrick",International Brotherhood of Electrical Workers,30000,30000,0
"Leahy, Patrick",Wine & Spirits Wholesalers of America,30000,30000,0
"Leahy, Patrick","Skadden, Arps et al",29865,0,29865
"Leahy, Patrick",American Institute of CPAs,29500,29500,0
"Leahy, Patrick",Huntington Ingalls Industries,29000,29000,0
"Leahy, Patrick",National Fraternal Order of Police,27500,27500,0
"Leahy, Patrick",Franklin Square Group,20800,0,20800
"Leahy, Patrick",RTX Corp,25838,24500,1338
"Leahy, Patrick",Soros Fund Management,25400,0,25400
"Leahy, Patrick",Putala Strategies,24900,0,24900
"Leahy, Patrick",Major League Baseball Commissioner's Ofc,24000,24000,0
"Leahy, Patrick",Mortgage Bankers Assn,23000,22500,500
"Leahy, Patrick",Bergman Draper Oslund,22900,0,22900
"Leahy, Patrick",Directors Guild of America,22500,17500,5000
"Leahy, Patrick",Van Scoyoc Assoc,21872,1459,20413
"Leahy, Patrick",DreamWorks SKG,21700,0,21700
"Leahy, Patrick",Newpage Corp,21150,0,21150
"Leahy, Patrick",Verizon Communications,27013,23500,3513
"Leahy, Patrick","Sheet Metal, Air, Rail & Transportation Union",33000,33000,0
"Leahy, Patrick",MacAndrews & Forbes,46400,25000,21400
"Leahy, Patrick",Northrop Grumman,34102,34000,102
"Leahy, Patrick",Venable LLP,20600,5500,15100
"Leahy, Patrick",Boeing Co,88218,47500,40718
"Leahy, Patrick",Law Offices of Peter G Angelos,71400,0,71400
"Leahy, Patrick",Comcast Corp,65235,38500,26735
"Leahy, Patrick",Microsoft Corp,63500,35000,28500
"Leahy, Patrick","Akin, Gump et al",56950,8825,48125
"Leahy, Patrick",Google Inc,51629,40500,11129
"Leahy, Patrick",Girardi & Keese,51000,0,51000
"Leahy, Patrick",General Dynamics,50838,43000,7838
"Leahy, Patrick",Burton Snowboards,50800,0,50800
"Leahy, Patrick",Laborers Union,33500,33500,0
"Leahy, Patrick",DISH Network,49500,20500,29000
"Leahy, Patrick","Cotchett, Pitre & McCarthy",47400,0,47400
"Leahy, Patrick",JStreetPAC,44168,3750,40418
"Leahy, Patrick",National Assn of Broadcasters,41350,35000,6350
"Leahy, Patrick",Deloitte LLP,40000,40000,0
"Leahy, Patrick",American Assn for Justice,39000,39000,0
"Leahy, Patrick",Walt Disney Co,37770,20000,17770
"Leahy, Patrick",National Beer Wholesalers Assn,37500,37500,0
"Leahy, Patrick",Honeywell International,36500,36500,0
"Leahy, Patrick",NCTA The Internet & Television Assn,35500,35500,0
"Leahy, Patrick",WilmerHale Llp,34222,0,34222
"Leahy, Patrick",AT&T Inc,48337,35500,12837
"Leahy, Patrick",Institute of International Education,20225,0,20225
"Leahy, Patrick",Bank of America,15578,15000,578
"Leahy, Patrick",GE Aerospace,20000,20000,0
"Leahy, Patrick",America Works,15000,15000,0
"Leahy, Patrick",American Crystal Sugar,15000,15000,0
"Leahy, Patrick",American Hotel & Lodging Assn,15000,15000,0
"Leahy, Patrick",Ej Global LLC,15000,0,15000
"Leahy, Patrick",Follow the North Star Fund,15000,15000,0
"Leahy, Patrick",Forward Together PAC,15000,15000,0
"Leahy, Patrick",General Atomics,15000,15000,0
"Leahy, Patrick",Hawaii PAC,15000,15000,0
"Leahy, Patrick",Home Depot,15000,15000,0
"Leahy, Patrick",Ironworkers Union,15000,15000,0
"Leahy, Patrick",Keystone America PAC,15000,15000,0
"Leahy, Patrick",Oceans PAC,15000,15000,0
"Leahy, Patrick",Union Pacific Corp,15000,15000,0
"Leahy, Patrick",Victory Now PAC,15000,15000,0
"Leahy, Patrick",Bayer Corp,14136,9500,4636
"Leahy, Patrick",Universal Music Group,13500,6500,7000
"Leahy, Patrick",US Travel Assn,13500,13500,0
"Leahy, Patrick",American Dental Assn,12500,12500,0
"Leahy, Patrick",Baker & Hostetler,12500,10000,2500
"Leahy, Patrick",Kaminsky Putala Public Relations,12400,0,12400
"Leahy, Patrick",Greenberg Traurig LLP,12250,9500,2750
"Leahy, Patrick",Vietnam Assistance,15200,0,15200
"Leahy, Patrick",Podesta Group,15300,0,15300
"Leahy, Patrick",Manzanita Capital,15400,0,15400
"Leahy, Patrick",Bill & Melinda Gates Foundation,15500,0,15500
"Leahy, Patrick",Summit Foundation,19550,0,19550
"Leahy, Patrick",General Electric,19500,15500,4000
"Leahy, Patrick",iHeartMedia Inc,19500,19500,0
"Leahy, Patrick",AFLAC Inc,19000,19000,0
"Leahy, Patrick",National Assn of Realtors,19000,19000,0
"Leahy, Patrick",Children's Research & Education Institute,18700,0,18700
"Leahy, Patrick",National Amusements Inc,18650,12000,6650
"Leahy, Patrick",DLA Piper,18503,13500,5003
"Leahy, Patrick",Falconwood Corp,18300,0,18300
"Leahy, Patrick",Holland & Knight,18100,16000,2100
"Leahy, Patrick",Common Ground PAC,20000,20000,0
"Leahy, Patrick",Facebook Inc,17902,11500,6402
"Leahy, Patrick",Amazon.com,17720,14500,3220
"Leahy, Patrick",International Assn of Fire Fighters,17500,17500,0
"Leahy, Patrick",Sony Corp,17185,10000,7185
"Leahy, Patrick",Alston & Bird,17000,14250,2750
"Leahy, Patrick",Merck & Co,17000,17000,0
"Leahy, Patrick",National Air Traffic Controllers Assn,17000,17000,0
"Leahy, Patrick",Main Street Landing,16500,0,16500
"Leahy, Patrick",Woodbranch Investments,16200,0,16200
"Leahy, Patrick",Vail Resorts,16000,16000,0
"Leahy, Patrick",Polsinelli PC,15750,12000,3750
"Leahy, Patrick",Proskauer Rose,17900,0,17900
"Leahy, Patrick",King & Spalding,12250,7000,5250
"Leahy, Patrick",Lockheed Martin,93373,27500,65873
"Lee, Mike",Headwaters Inc,15400,5000,10400
"Lee, Mike",New Vernon Capital,32400,0,32400
"Lee, Mike",Platte River Ventures,32400,0,32400
"Lee, Mike",Mary Kay Inc,32000,0,32000
"Lee, Mike",Northrop Grumman,31550,29000,2550
"Lee, Mike",Stewart & Stevenson,31200,0,31200
"Lee, Mike",iHeartMedia Inc,30500,30500,0
"Lee, Mike",Norfolk Southern,30000,30000,0
"Lee, Mike",Baylor University,29700,0,29700
"Lee, Mike",Sequoia Capital,29700,0,29700
"Lee, Mike",Richard Collins Enterprises,29500,0,29500
"Lee, Mike",Kirkland & Ellis,29400,0,29400
"Lee, Mike",Yelp Inc,28700,10000,18700
"Lee, Mike",National Beer Wholesalers Assn,28500,28500,0
"Lee, Mike",NCTA The Internet & Television Assn,28000,28000,0
"Lee, Mike",Berkshire Hathaway,27913,27500,413
"Lee, Mike",Deason Capital Services,27000,0,27000
"Lee, Mike",Golden Age Farm,26500,0,26500
"Lee, Mike",AG Hill Partners,26400,0,26400
"Lee, Mike",Tennessee Industrial Electronics,26400,0,26400
"Lee, Mike",Cigna Corp,26000,25000,1000
"Lee, Mike",Koch Inc,25800,15000,10800
"Lee, Mike",Alphabet Inc,32700,13500,19200
"Lee, Mike",Um Holdings,25800,0,25800
"Lee, Mike",National Assn of Broadcasters,34500,34500,0
"Lee, Mike",CSX Corp,35000,35000,0
"Lee, Mike",Senate Conservatives Fund,162507,5500,157007
"Lee, Mike",Kirkham Motorsports,111200,0,111200
"Lee, Mike","Pachulski, Stang et al",87400,0,87400
"Lee, Mike",Sullivan & Cromwell,82191,0,82191
"Lee, Mike",Uline Inc,78800,0,78800
"Lee, Mike",Charter Communications,77400,44000,33400
"Lee, Mike",Edge Creek,76600,0,76600
"Lee, Mike",Microsoft Corp,67450,38000,29450
"Lee, Mike",Gallery Furniture,64800,0,64800
"Lee, Mike",Arizona Diamondbacks/Datatel Inc,54000,0,54000
"Lee, Mike",Braman Motorcars,52000,0,52000
"Lee, Mike",Comcast Corp,51600,28500,23100
"Lee, Mike",KKR & Co,50360,13000,37360
"Lee, Mike",Baker Hughes Inc,45900,0,45900
"Lee, Mike",Cinemark USA,45800,0,45800
"Lee, Mike",AT&T Inc,45050,45000,50
"Lee, Mike",Ocean Star International,43200,0,43200
"Lee, Mike",NorPAC,42800,0,42800
"Lee, Mike",Humanscale Corp,37800,0,37800
"Lee, Mike",Union Pacific Corp,37500,37500,0
"Lee, Mike",Jedfam Group,37000,0,37000
"Lee, Mike",GEO Group,35000,15000,20000
"Lee, Mike",Gelclen Keller Capital,24300,0,24300
"Lee, Mike",Sinclair Companies,23900,0,23900
"Lee, Mike",Chevron Corp,22875,10000,12875
"Lee, Mike",National Assn of Realtors,17500,17500,0
"Lee, Mike",Valero Energy,17500,17500,0
"Lee, Mike",PricewaterhouseCoopers,17000,13000,4000
"Lee, Mike",Blackstone Group,16800,0,16800
"Lee, Mike",Bernard Marcus Family Foundation,16200,0,16200
"Lee, Mike",Crow Holdings,16200,0,16200
"Lee, Mike",Enterprise Group,16200,0,16200
"Lee, Mike",Fast Food Systems,16200,0,16200
"Lee, Mike",GCG Partners,16200,0,16200
"Lee, Mike",Glendon Todd Capital,16200,0,16200
"Lee, Mike",Heavy Construction Systems Specialists,16200,0,16200
"Lee, Mike",Inventory Management,16200,0,16200
"Lee, Mike",Israel Analytics Consulting,16200,0,16200
"Lee, Mike",MTV Networks,16200,0,16200
"Lee, Mike",Postmates,16200,0,16200
"Lee, Mike",Route One Investment,16200,0,16200
"Lee, Mike",Wayne Minor Motor Sports,16200,0,16200
"Lee, Mike",Woodvine Group,16200,0,16200
"Lee, Mike",Walt Disney Co,16010,16000,10
"Lee, Mike",Nu Skin Enterprises,16000,5000,11000
"Lee, Mike",Shields & Co,16000,0,16000
"Lee, Mike",Koch Industries,17500,17500,0
"Lee, Mike",American Institute of CPAs,17500,17500,0
"Lee, Mike",American Dental Assn,17500,17500,0
"Lee, Mike",Andrews Kurth Kenyon LLP,17700,0,17700
"Lee, Mike","Brownstein, Hyatt et al",22500,6500,16000
"Lee, Mike",Arizona Diamondbacks,21600,0,21600
"Lee, Mike",Chandler Management,21600,0,21600
"Lee, Mike",Rayes Inc,21600,0,21600
"Lee, Mike",Traditum Group,21600,0,21600
"Lee, Mike",LPL Investment Group,21200,0,21200
"Lee, Mike",Prescott Investors,21200,0,21200
"Lee, Mike",T-Mobile USA,21000,21000,0
"Lee, Mike",Doterra International,20500,0,20500
"Lee, Mike",Peck Madigan Jones,20200,0,20200
"Lee, Mike",Club for Growth,352132,0,352132
"Lee, Mike",Amazon.com,20027,20000,27
"Lee, Mike",McAllen Anesthesia Consultants,20000,0,20000
"Lee, Mike",Yacktman Asset Management,20000,0,20000
"Lee, Mike",Medquest Pharmacy,19800,0,19800
"Lee, Mike",First Republic Bank,18900,0,18900
"Lee, Mike",Delta Air Lines,18500,18500,0
"Lee, Mike",Broe Group,18200,0,18200
"Lee, Mike",Dutko Grayling,18100,0,18100
"Lee, Mike",Riordan & McKinzie,18100,0,18100
"Lee, Mike",Sidley Austin LLP,18100,5000,13100
"Lee, Mike",American Bankers Assn,18000,18000,0
"Lee, Mike",Ariel Corp,20000,0,20000
"Lee, Mike",Paul Rogers & Assoc,15750,0,15750
"Lujan, Ben Ray",Votesane PAC,65500,0,65500
"Lujan, Ben Ray",Poarch Band of Creek Indians,12800,0,12800
"Lujan, Ben Ray",Anywhere Real Estate,15700,0,15700
"Lujan, Ben Ray",Pechanga Band of Luiseno Mission Indians,15608,0,15608
"Lujan, Ben Ray",L&F Distributors,15600,0,15600
"Lujan, Ben Ray",Yocha Dehe Wintun Nation,15600,0,15600
"Lujan, Ben Ray",Puyallup Tribe of Indians,15500,0,15500
"Lujan, Ben Ray",Walt Disney Co,15216,0,15216
"Lujan, Ben Ray",International Brotherhood of Electrical Workers,15198,15000,198
"Lujan, Ben Ray",United Food & Commercial Workers Union,15120,15000,120
"Lujan, Ben Ray",American Assn for Justice,15000,15000,0
"Lujan, Ben Ray",Carpenters & Joiners Union,15000,15000,0
"Lujan, Ben Ray",International Assn of Fire Fighters,15000,15000,0
"Lujan, Ben Ray",Mortgage Bankers Assn,15000,15000,0
"Lujan, Ben Ray",National Active & Retired Federal Employees Assn,15000,15000,0
"Lujan, Ben Ray",National Assn of Home Builders,15000,15000,0
"Lujan, Ben Ray",National Auto Dealers Assn,15000,15000,0
"Lujan, Ben Ray",National Multifamily Housing Council,15000,15000,0
"Lujan, Ben Ray",Tunica-Biloxi Tribe of Louisiana,14700,0,14700
"Lujan, Ben Ray",Council for a Livable World,14386,0,14386
"Lujan, Ben Ray",Bueno Foods,14025,0,14025
"Lujan, Ben Ray",Microsoft Corp,14015,5000,9015
"Lujan, Ben Ray",National Indian Gaming Assn,13667,4500,9167
"Lujan, Ben Ray",Home Depot,16763,15000,1763
"Lujan, Ben Ray",McT Industries,13475,0,13475
"Lujan, Ben Ray",Bain Capital,16800,0,16800
"Lujan, Ben Ray",State of New Mexico,17154,0,17154
"Lujan, Ben Ray",Democracy Engine,75268,0,75268
"Lujan, Ben Ray",Democratic Senatorial Campaign Cmte,49600,49600,0
"Lujan, Ben Ray",National Assn of Broadcasters,39600,15000,24600
"Lujan, Ben Ray",University of New Mexico,35555,0,35555
"Lujan, Ben Ray",Comcast Corp,34709,5000,29709
"Lujan, Ben Ray",University of California,27093,0,27093
"Lujan, Ben Ray",Alphabet Inc,26763,9000,17763
"Lujan, Ben Ray",University of Southern California,26100,0,26100
"Lujan, Ben Ray",Digidems PAC,24343,1943,22400
"Lujan, Ben Ray",Centerbridge Partners,23400,0,23400
"Lujan, Ben Ray",National Assn of Realtors,23177,19999,3178
"Lujan, Ben Ray","Akin, Gump et al",22067,5000,17067
"Lujan, Ben Ray",End Citizens United,21250,10000,11250
"Lujan, Ben Ray",NextEra Energy,20895,0,20895
"Lujan, Ben Ray",Air Line Pilots Assn,20010,20000,10
"Lujan, Ben Ray","Kleiner, Perkins et al",19700,0,19700
"Lujan, Ben Ray",National Education Assn,19644,19000,644
"Lujan, Ben Ray",AT&T Inc,18590,6000,12590
"Lujan, Ben Ray",Fresenius Medical Care,18530,0,18530
"Lujan, Ben Ray",United for A Strong America,18200,7000,11200
"Lujan, Ben Ray",US Dept of Energy,18092,0,18092
"Lujan, Ben Ray",Medquest Pharmacy,16814,0,16814
"Lujan, Ben Ray",Credit Union National Assn,10000,10000,0
"Lujan, Ben Ray",Forward Together PAC,10000,10000,0
"Lujan, Ben Ray",American Dental Assn,12500,12500,0
"Lujan, Ben Ray",Teamsters Union,10568,10000,568
"Lujan, Ben Ray",Cornerstone Government Affairs,10400,0,10400
"Lujan, Ben Ray",Latino Victory Fund,10300,10000,300
"Lujan, Ben Ray",Service Employees International Union,10260,5000,5260
"Lujan, Ben Ray",Brender Law Firm,10200,0,10200
"Lujan, Ben Ray",Pfizer Inc,10158,10000,158
"Lujan, Ben Ray",Transport Workers Union,10050,10000,50
"Lujan, Ben Ray",American Federation of State/Cnty/Munic Employees,10040,10000,40
"Lujan, Ben Ray",American Medical Assn,10020,10000,20
"Lujan, Ben Ray",A New Direction PAC,10000,10000,0
"Lujan, Ben Ray",All for Our Country,10000,10000,0
"Lujan, Ben Ray",America Works,10000,10000,0
"Lujan, Ben Ray",America's Communication Assn,10000,10000,0
"Lujan, Ben Ray",American Crystal Sugar,10000,10000,0
"Lujan, Ben Ray",American Health Care Assn,10000,10000,0
"Lujan, Ben Ray",American Physical Therapy Assn,10000,10000,0
"Lujan, Ben Ray",AmeriPAC: The Fund for a Greater America,10000,10000,0
"Lujan, Ben Ray",Common Ground PAC,10000,10000,0
"Lujan, Ben Ray",Common Sense Colorado,10000,10000,0
"Lujan, Ben Ray",Congressional Black Caucus PAC,10000,10000,0
"Lujan, Ben Ray",Council of Insurance Agents & Brokers,10000,10000,0
"Lujan, Ben Ray","Brownstein, Hyatt et al",10580,0,10580
"Lujan, Ben Ray",Intel Corp,12657,0,12657
"Lujan, Ben Ray",Snoqualmie Indian Tribe,10600,0,10600
"Lujan, Ben Ray",Choctaw Nation of Oklahoma,10600,0,10600
"Lujan, Ben Ray",Honeywell International,12289,5000,7289
"Lujan, Ben Ray",Forbes Tate Partners,12200,0,12200
"Lujan, Ben Ray",Facebook Inc,12127,0,12127
"Lujan, Ben Ray",League of Conservation Voters,12118,8618,3500
"Lujan, Ben Ray",American Federation of Teachers,12000,12000,0
"Lujan, Ben Ray",Costco Wholesale,11552,0,11552
"Lujan, Ben Ray",Patagonia Inc,11451,0,11451
"Lujan, Ben Ray",Amblin Partners,11200,0,11200
"Lujan, Ben Ray",Animas Foundation,11200,0,11200
"Lujan, Ben Ray",Attorney & Counselor At Law,11200,0,11200
"Lujan, Ben Ray",Loma Verde Properties,10600,0,10600
"Lujan, Ben Ray",Bad Robot Productions,11200,0,11200
"Lujan, Ben Ray",DISH Network,11200,0,11200
"Lujan, Ben Ray",Lone Pine Capital,11200,0,11200
"Lujan, Ben Ray",Munoz & Co,11200,0,11200
"Lujan, Ben Ray",Price Group,11200,0,11200
"Lujan, Ben Ray",National Beer Wholesalers Assn,11000,11000,0
"Lujan, Ben Ray",KPMG LLP,10917,7500,3417
"Lujan, Ben Ray",Alsop Louie Partners,10890,0,10890
"Lujan, Ben Ray",Mirram Group,10800,0,10800
"Lujan, Ben Ray",Five & Dime General Stores,10725,0,10725
"Lujan, Ben Ray",Chickasaw Nation,10610,0,10610
"Lujan, Ben Ray",Cordoba Corp,11200,0,11200
"Lummis, Cynthia",1607 Strategies,5800,0,5800
"Lummis, Cynthia",Senate Conservatives Fund,146748,0,146748
"Lummis, Cynthia",Van Eck Assoc,6000,0,6000
"Lummis, Cynthia",Ernst & Young,6000,5000,1000
"Lummis, Cynthia",Value in Electing Women PAC,15000,15000,0
"Lummis, Cynthia",Invariant LLC,12850,0,12850
"Lummis, Cynthia",Altria Group,12750,12500,250
"Lummis, Cynthia",Vaneck,12700,0,12700
"Lummis, Cynthia",Berkshire Hathaway,12517,12500,17
"Lummis, Cynthia",Chevron Corp,12500,12500,0
"Lummis, Cynthia",Comcast Corp,12500,12500,0
"Lummis, Cynthia",Exxon Mobil,12026,12000,26
"Lummis, Cynthia",Payward Inc,11850,0,11850
"Lummis, Cynthia",National Beer Wholesalers Assn,15000,15000,0
"Lummis, Cynthia",Andreessen Horowitz,11600,0,11600
"Lummis, Cynthia",San Francisco Giants,11200,0,11200
"Lummis, Cynthia",Amgen Inc,11000,11000,0
"Lummis, Cynthia","Tarplin, Downs & Young",10600,0,10600
"Lummis, Cynthia",Occidental Petroleum,10500,10000,500
"Lummis, Cynthia",Southern Co,10060,10000,60
"Lummis, Cynthia",Delta Air Lines,10035,10000,35
"Lummis, Cynthia","Akin, Gump et al",10000,0,10000
"Lummis, Cynthia",Alamo PAC,10000,10000,0
"Lummis, Cynthia",Badlands PAC,10000,10000,0
"Lummis, Cynthia",Peabody Energy,11500,11000,500
"Lummis, Cynthia",National Assn of Broadcasters,15000,15000,0
"Lummis, Cynthia",Lead Encourage Elect PAC,15000,15000,0
"Lummis, Cynthia",Common Values PAC,15000,15000,0
"Lummis, Cynthia",FedEx Corp,6005,6000,5
"Lummis, Cynthia",ONEOK Inc,6000,5000,1000
"Lummis, Cynthia",National Assn of Health Underwriters,6000,6000,0
"Lummis, Cynthia",Club for Growth,139288,0,139288
"Lummis, Cynthia",Multicoin Capital,35600,0,35600
"Lummis, Cynthia",Sinclair Companies,28400,0,28400
"Lummis, Cynthia",National Assn of Convenience Stores,25000,25000,0
"Lummis, Cynthia","National Stone, Sand & Gravel Assn",25000,25000,0
"Lummis, Cynthia",Pinnacle West Capital,25000,25000,0
"Lummis, Cynthia",Koch Industries,20000,20000,0
"Lummis, Cynthia",Mortgage Bankers Assn,20000,20000,0
"Lummis, Cynthia",National Assn of Realtors,20000,20000,0
"Lummis, Cynthia",Rock Holdings,20000,20000,0
"Lummis, Cynthia",Jackson Hole Mountain Resort,19900,0,19900
"Lummis, Cynthia",Charter Communications,17500,17500,0
"Lummis, Cynthia",PricewaterhouseCoopers,16500,16500,0
"Lummis, Cynthia",United Parcel Service,16000,16000,0
"Lummis, Cynthia",Paxos Trust Co,15800,0,15800
"Lummis, Cynthia",UBS AG,15300,15000,300
"Lummis, Cynthia",HollyFrontier Corp,15250,15000,250
"Lummis, Cynthia",Bluegrass Cmte,15000,15000,0
"Lummis, Cynthia",Burns & McDonnell,10000,10000,0
"Lummis, Cynthia",Citizens United,10000,10000,0
"Lummis, Cynthia",Continuing America's Strength & Security,10000,10000,0
"Lummis, Cynthia",AT&T Inc,9000,9000,0
"Lummis, Cynthia",Regions Financial,9000,9000,0
"Lummis, Cynthia",Wells Fargo,8500,7500,1000
"Lummis, Cynthia",KDCR Partners,8050,0,8050
"Lummis, Cynthia",American Trucking Assns,8000,7500,500
"Lummis, Cynthia",Verizon Communications,8000,7500,500
"Lummis, Cynthia",DISH Network,7850,5000,2850
"Lummis, Cynthia",Croel Redi Mix,7700,0,7700
"Lummis, Cynthia",Arch Resources,7500,7500,0
"Lummis, Cynthia",Chesapeake Energy,7500,7500,0
"Lummis, Cynthia",Council of Insurance Agents & Brokers,10000,10000,0
"Lummis, Cynthia",Genesis Alkali,7500,0,7500
"Lummis, Cynthia",Ovintiv USA,7500,7500,0
"Lummis, Cynthia",Valero Energy,7500,7500,0
"Lummis, Cynthia",Williams Companies,7500,7500,0
"Lummis, Cynthia",American Institute of CPAs,7000,7000,0
"Lummis, Cynthia",Lockheed Martin,7000,7000,0
"Lummis, Cynthia",SP Capital Management,7000,0,7000
"Lummis, Cynthia",Matcha Design Labs,6900,0,6900
"Lummis, Cynthia",Microsoft Corp,6783,6000,783
"Lummis, Cynthia",Association for Digital Asset Markets,6050,0,6050
"Lummis, Cynthia",Hawkeye PAC,7500,7500,0
"Lummis, Cynthia",Fierce Government Relations,9100,0,9100
"Lummis, Cynthia",Union Pacific Corp,9500,9500,0
"Lummis, Cynthia",GSK plc,9500,9500,0
"Lummis, Cynthia",Credit Union National Assn,10000,10000,0
"Lummis, Cynthia",Freedom Fund,10000,10000,0
"Lummis, Cynthia",Fund for a Conservative Future,10000,10000,0
"Lummis, Cynthia",Fund for America's Future,10000,10000,0
"Lummis, Cynthia",Halliburton Co,10000,10000,0
"Lummis, Cynthia",Heartland Values PAC,10000,10000,0
"Lummis, Cynthia",Making Business Excel PAC,10000,10000,0
"Lummis, Cynthia",MARSHA PAC,10000,10000,0
"Lummis, Cynthia",National Auto Dealers Assn,10000,10000,0
"Lummis, Cynthia",National Multifamily Housing Council,10000,10000,0
"Lummis, Cynthia",Nebraska Sandhills PAC,10000,10000,0
"Lummis, Cynthia",Norfolk Southern,10000,10000,0
"Lummis, Cynthia",Project West PAC,10000,10000,0
"Lummis, Cynthia",Reinventing a New Direction,10000,10000,0
"Lummis, Cynthia",Rely on Your Beliefs,10000,10000,0
"Lummis, Cynthia",Responsibility & Freedom Work PAC,10000,10000,0
"Lummis, Cynthia",Together Holding Our Majority PAC,10000,10000,0
"Lummis, Cynthia",Toyota Motor North America,10000,10000,0
"Lummis, Cynthia",US Chamber of Commerce,10000,10000,0
"Lummis, Cynthia",Woolpert Inc,10000,10000,0
"Lummis, Cynthia",Holland & Hart,9550,5000,4550
"Lummis, Cynthia",Capital Group Companies,6600,0,6600
"Lummis, Cynthia",T-Mobile USA,6500,6500,0
"Manchin, Joe",Capital Group Companies,184400,40000,144400
"Manchin, Joe",Wexford Capital,45900,0,45900
"Manchin, Joe",West Virginia State Democratic Exec Cmte,100000,100000,0
"Manchin, Joe",Steptoe & Johnson,43925,2500,41425
"Manchin, Joe",Goldman Sachs,73100,17500,55600
"Manchin, Joe",National Assn of Convenience Stores,17500,17500,0
"Manchin, Joe",Ernst & Young,17500,17500,0
"Manchin, Joe",Greenberg Traurig LLP,17537,7500,10037
"Manchin, Joe",Cox Enterprises,17750,14500,3250
"Manchin, Joe",Microsoft Corp,17779,12000,5779
"Manchin, Joe",Apollo Global Management,17803,0,17803
"Manchin, Joe",Walmart Inc,18220,18000,220
"Manchin, Joe",Investment Co Institute,19000,19000,0
"Manchin, Joe",RTX Corp,19060,18000,1060
"Manchin, Joe","Brownstein, Hyatt et al",19200,7000,12200
"Manchin, Joe",Fedex Corp,19251,18500,751
"Manchin, Joe","Paul, Weiss et al",19400,0,19400
"Manchin, Joe",TC Energy,19500,19500,0
"Manchin, Joe",PricewaterhouseCoopers,19700,17000,2700
"Manchin, Joe",Centerview Partners,19900,0,19900
"Manchin, Joe",Polaris Inc,20000,20000,0
"Manchin, Joe",Pinnacle West Capital,20000,20000,0
"Manchin, Joe",National Assn of Chemical Distributors,20000,20000,0
"Manchin, Joe",International Paper,20000,20000,0
"Manchin, Joe",Parsons Corp,17500,17500,0
"Manchin, Joe",JPMorgan Chase & Co,17209,16500,709
"Manchin, Joe",N3,17200,0,17200
"Manchin, Joe",Association of KFC Franchisees,17000,17000,0
"Manchin, Joe",Sutherland Capital Management,15400,0,15400
"Manchin, Joe",Monmouth University,15400,0,15400
"Manchin, Joe",Hogan Lovells,15400,4000,11400
"Manchin, Joe",Hamilton Insurance Agency,15400,0,15400
"Manchin, Joe",National Marine Manufacturers Assn,15500,15500,0
"Manchin, Joe",AFLAC Inc,15500,15500,0
"Manchin, Joe",Squire Patton Boggs,15510,10000,5510
"Manchin, Joe",Morgan Stanley,15600,4000,11600
"Manchin, Joe",Amazon.com,15776,10000,5776
"Manchin, Joe",EQT Corp,20000,20000,0
"Manchin, Joe",SMART Transportation Division,16000,16000,0
"Manchin, Joe",DCI Group,16000,7000,9000
"Manchin, Joe",American Express,16000,16000,0
"Manchin, Joe",Alston & Bird,16000,12500,3500
"Manchin, Joe",Coury Financial,16200,0,16200
"Manchin, Joe",Artery Capital Group,16200,0,16200
"Manchin, Joe",Alphabet Inc,16263,10000,6263
"Manchin, Joe",Duchossois Group,16600,0,16600
"Manchin, Joe",West Virginia Paving,16700,0,16700
"Manchin, Joe",Mostyn Law Firm,16800,0,16800
"Manchin, Joe",Independent Insurance Agents & Brokers of America,16000,16000,0
"Manchin, Joe",National Assn of Broadcasters,21000,21000,0
"Manchin, Joe",International Franchise Assn,21000,21000,0
"Manchin, Joe",Duke Energy,21000,16000,5000
"Manchin, Joe",KPMG LLP,30125,29500,625
"Manchin, Joe",Independent Community Bankers of America,30500,30500,0
"Manchin, Joe",Northrop Grumman,31019,31000,19
"Manchin, Joe","Wilson, Sonsini et al",32400,0,32400
"Manchin, Joe",Laborers Union,32500,32500,0
"Manchin, Joe",UnitedHealth Group,32501,32500,1
"Manchin, Joe",Norfolk Southern,34050,34000,50
"Manchin, Joe",Lockheed Martin,34510,34500,10
"Manchin, Joe",International Brotherhood of Electrical Workers,35000,35000,0
"Manchin, Joe",Loews Corp,29100,7500,21600
"Manchin, Joe",CSX Corp,35000,35000,0
"Manchin, Joe",Dominion Energy,35700,30000,5700
"Manchin, Joe",Southern Co,36000,35000,1000
"Manchin, Joe",NCTA The Internet & Television Assn,37000,35000,2000
"Manchin, Joe",Berkshire Hathaway,37500,37500,0
"Manchin, Joe",AT&T Inc,39926,35500,4426
"Manchin, Joe",National Rural Electric Cooperative Assn,40000,40000,0
"Manchin, Joe",Honeywell International,40025,40000,25
"Manchin, Joe",Altria Group,40500,40000,500
"Manchin, Joe",NorPAC,41800,0,41800
"Manchin, Joe",American Bankers Assn,35000,35000,0
"Manchin, Joe",Aetna Inc,15350,15000,350
"Manchin, Joe",General Motors,29002,29000,2
"Manchin, Joe",Verizon Communications,28481,25000,3481
"Manchin, Joe",Toyota Motor Corp,21045,21000,45
"Manchin, Joe",Ares Management,21600,0,21600
"Manchin, Joe",Natural Products Assn,21982,21982,0
"Manchin, Joe",Union Pacific Corp,22500,22500,0
"Manchin, Joe",National Beer Wholesalers Assn,22500,22500,0
"Manchin, Joe",iHeartMedia Inc,22500,22500,0
"Manchin, Joe",Eastman Chemical,22500,22500,0
"Manchin, Joe",Walt Disney Co,22951,5000,17951
"Manchin, Joe",New York Life Insurance,22951,22500,451
"Manchin, Joe",General Atomics,28950,18500,10450
"Manchin, Joe",America's Credit Unions,23000,23000,0
"Manchin, Joe",United Parcel Service,23509,23500,9
"Manchin, Joe",US Cellular,23700,21000,2700
"Manchin, Joe",Charter Communications,24000,24000,0
"Manchin, Joe",Mortgage Bankers Assn,24500,24500,0
"Manchin, Joe",Drummond Co,24900,5000,19900
"Manchin, Joe",Operating Engineers Union,25000,25000,0
"Manchin, Joe",National Assn of Realtors,25000,25000,0
"Manchin, Joe",United Mine Workers of America,25500,25500,0
"Manchin, Joe",National Multifamily Housing Council,27500,27500,0
"Manchin, Joe",Power Rogers LLP,23450,0,23450
"Manchin, Joe",Viatris Inc,80425,0,80425
"Manchin, Joe",Comcast Corp,55578,30000,25578
"Manchin, Joe",FirstEnergy Corp,61000,41000,20000
"Markey, Ed",Thermo Fisher Scientific,13550,13000,550
"Markey, Ed",Service Employees International Union,17455,10000,7455
"Markey, Ed",University of California,17473,0,17473
"Markey, Ed",Union Pacific Corp,17500,17500,0
"Markey, Ed",International Assn of Fire Fighters,17500,17500,0
"Markey, Ed",CSX Corp,17500,17500,0
"Markey, Ed","Brownstein, Hyatt et al",17500,2000,15500
"Markey, Ed",America's Communication Assn,17500,17500,0
"Markey, Ed",iHeartMedia Inc,17716,10000,7716
"Markey, Ed",Dell Technologies,17800,15000,2800
"Markey, Ed",Amgen Inc,17938,17500,438
"Markey, Ed",Power Rogers Llp,18200,0,18200
"Markey, Ed",League of Conservation Voters,18470,18160,310
"Markey, Ed",National Assn of Broadcasters,18500,17500,1000
"Markey, Ed",Amazon.com,18963,1000,17963
"Markey, Ed",Twitter,19003,2500,16503
"Markey, Ed",International Brotherhood of Electrical Workers,20075,20000,75
"Markey, Ed",Verizon Communications,20265,7500,12765
"Markey, Ed",Apple Inc,20595,0,20595
"Markey, Ed",Carnival Corp,20917,0,20917
"Markey, Ed","Nelson, Mullins et al",21190,21000,190
"Markey, Ed",Biogen,17368,8500,8868
"Markey, Ed",Lone Pine Capital,21200,0,21200
"Markey, Ed",Meredith Management,17150,0,17150
"Markey, Ed",Berkshire Group,17000,0,17000
"Markey, Ed",Lockheed Martin,14180,11000,3180
"Markey, Ed",Sanofi,14248,10000,4248
"Markey, Ed",Unity Technologies,14381,0,14381
"Markey, Ed",Cassidy & Assoc,14550,0,14550
"Markey, Ed",Vertex Pharmaceuticals,14846,12000,2846
"Markey, Ed",Morgan Lewis LLP,14945,0,14945
"Markey, Ed",Slim-Fast Foods,15000,0,15000
"Markey, Ed",Ocean Spray Cranberries,15000,15000,0
"Markey, Ed",National Assn of Letter Carriers,15054,15000,54
"Markey, Ed",National Assn of Realtors,15065,15000,65
"Markey, Ed",State Street Corp,15347,3000,12347
"Markey, Ed",T-Mobile USA,15364,15000,364
"Markey, Ed",Shifamed LLC,15600,0,15600
"Markey, Ed",National Health Law Program,15660,0,15660
"Markey, Ed",Triumvirate Environmental,16200,0,16200
"Markey, Ed",National Basketball Assn,16300,0,16300
"Markey, Ed",Suffolk Construction,16548,0,16548
"Markey, Ed",Third Rock Ventures,16700,0,16700
"Markey, Ed",Writers Guild of America West,16725,15000,1725
"Markey, Ed",IBM Corp,16793,0,16793
"Markey, Ed",Northwest Bio Therapeutics,16800,0,16800
"Markey, Ed",Walt Disney Co,17018,2500,14518
"Markey, Ed","Preotle, Lane & Assoc",13600,0,13600
"Markey, Ed",BLS Investments,21200,0,21200
"Markey, Ed",Northwest Biotherapeutics,22500,0,22500
"Markey, Ed",Artery Capital Group,32200,0,32200
"Markey, Ed",Air Line Pilots Assn,32510,32500,10
"Markey, Ed",Fresenius Medical Care,33128,20000,13128
"Markey, Ed",Tufts University,33554,0,33554
"Markey, Ed","Mintz, Levin et al",35144,0,35144
"Markey, Ed",Bain Capital,35509,0,35509
"Markey, Ed",Massachusetts Institute of Technology,37103,0,37103
"Markey, Ed",Blackstone Group,41435,0,41435
"Markey, Ed",Boston University,47622,0,47622
"Markey, Ed",Rock Creek Group,51850,0,51850
"Markey, Ed",Commonwealth of Massachusetts,55302,0,55302
"Markey, Ed",Mass General Brigham,56490,0,56490
"Markey, Ed",Apollo Global Management,64358,0,64358
"Markey, Ed",Alphabet Inc,66917,3000,63917
"Markey, Ed",WilmerHale LLP,96361,0,96361
"Markey, Ed",Granite Telecommunications,104053,0,104053
"Markey, Ed",Harvard University,113265,0,113265
"Markey, Ed",Common Ground PAC,13800,10000,3800
"Markey, Ed",Icm Partners,13850,0,13850
"Markey, Ed",Wiley Rein Llp,14093,0,14093
"Markey, Ed",Democracy Engine,134133,0,134133
"Markey, Ed",American Assn for Justice,32135,30000,2135
"Markey, Ed",Wingate Companies,22391,0,22391
"Markey, Ed","Akin, Gump et al",32100,750,31350
"Markey, Ed",DISH Network,31215,17000,14215
"Markey, Ed",Rasky Partners,22550,0,22550
"Markey, Ed",National Air Traffic Controllers Assn,23000,23000,0
"Markey, Ed",Capital Group Companies,23120,0,23120
"Markey, Ed",Beth Israel Lahey Health,23332,0,23332
"Markey, Ed",Benenson Productions,23400,0,23400
"Markey, Ed",Nixon Peabody LLP,23432,3600,19832
"Markey, Ed",Liberty Mutual,23664,10500,13164
"Markey, Ed",Marshfield Assoc,23800,0,23800
"Markey, Ed",Joseph Group,24400,0,24400
"Markey, Ed","Cotchett, Pitre & McCarthy",24450,0,24450
"Markey, Ed",Kabafusion,25000,0,25000
"Markey, Ed","Robbins, Geller et al",25268,0,25268
"Markey, Ed",Beacon Companies,25338,0,25338
"Markey, Ed",Microsoft Corp,25785,5500,20285
"Markey, Ed",Wonderful Co,26200,0,26200
"Markey, Ed",Feeley & Driscoll,26200,0,26200
"Markey, Ed",Calvin Cafritz Enterprises,26900,0,26900
"Markey, Ed",Walmart Inc,27867,10000,17867
"Markey, Ed",Covington & Burling,29832,2000,27832
"Markey, Ed",DLA Piper,29855,10000,19855
"Markey, Ed",University of Massachusetts,29933,0,29933
"Markey, Ed","Kleiner, Perkins et al",31600,0,31600
"Markey, Ed",Route One Investment,21200,0,21200
"Markey, Ed",Immigrant Learning Center,13700,0,13700
"Markey, Ed",WPP plc,13706,0,13706
"Marshall, Roger",Alston & Bird,14500,12500,2000
"Marshall, Roger",P&B Insurance Agency,14200,0,14200
"Marshall, Roger",Berkshire Hathaway,13820,10000,3820
"Marshall, Roger",Macerich Co,13224,0,13224
"Marshall, Roger",McGuireWoods LLP,13000,13000,0
"Marshall, Roger",Spirit Aerosystems,12575,10000,2575
"Marshall, Roger",CRH Americas,12500,10000,2500
"Marshall, Roger",Reeve Cattle Co,12200,0,12200
"Marshall, Roger",Rothman Institute,12050,10000,2050
"Marshall, Roger",American Chemistry Council,12000,12000,0
"Marshall, Roger",Kansas City Southern,14820,7500,7320
"Marshall, Roger",Francis Financial Services,11950,0,11950
"Marshall, Roger",Hallmark Cards,11664,5000,6664
"Marshall, Roger",CVS Health,11580,0,11580
"Marshall, Roger",Valuehealth,11400,0,11400
"Marshall, Roger",Conestoga Energy Partners,11200,0,11200
"Marshall, Roger",Creativeone,11200,0,11200
"Marshall, Roger",Hodgdon Powder,11200,0,11200
"Marshall, Roger",Jvc Investment Partners,11200,0,11200
"Marshall, Roger",Magnolia Marketing,11200,0,11200
"Marshall, Roger",American Academy of Dermatology Assn,11000,11000,0
"Marshall, Roger",Ball Consulting Group,11000,0,11000
"Marshall, Roger",Sporer Land Development,11850,0,11850
"Marshall, Roger",Blackstone Group,14900,0,14900
"Marshall, Roger",Marathon Petroleum,15000,15000,0
"Marshall, Roger",HollyFrontier Corp,15000,15000,0
"Marshall, Roger",National Republican Senatorial Cmte,44600,44600,0
"Marshall, Roger",Nueterra Capital,43600,0,43600
"Marshall, Roger",Watco Companies,26000,0,26000
"Marshall, Roger",Koch Industries,25600,20000,5600
"Marshall, Roger",Burns & McDonnell,22036,10000,12036
"Marshall, Roger",Bukaty Companies,21100,0,21100
"Marshall, Roger",Poet LLC,47500,15000,32500
"Marshall, Roger",American Crystal Sugar,20000,20000,0
"Marshall, Roger",American Optometric Assn,20000,20000,0
"Marshall, Roger",Growth Energy,20000,20000,0
"Marshall, Roger",Goldman Sachs,19100,10000,9100
"Marshall, Roger",National Air Traffic Controllers Assn,19000,19000,0
"Marshall, Roger",American Bankers Assn,18525,17500,1025
"Marshall, Roger",United Parcel Service,18070,18000,70
"Marshall, Roger",Bristol-Myers Squibb,17600,10000,7600
"Marshall, Roger",Innovative Livestock Services,16800,0,16800
"Marshall, Roger",Cox Enterprises,16600,10000,6600
"Marshall, Roger",American Society of Anesthesiologists,16500,16500,0
"Marshall, Roger",Northrock Inc,16200,0,16200
"Marshall, Roger",Rock Holdings,15600,10000,5600
"Marshall, Roger",American Medical Assn,15100,15000,100
"Marshall, Roger",American Assn of Orthopaedic Surgeons,15000,15000,0
"Marshall, Roger",American College of Radiology,15000,15000,0
"Marshall, Roger",Fry Eye Assoc,10900,0,10900
"Marshall, Roger",Icm Inc,10900,0,10900
"Marshall, Roger",Susan B Anthony List,20200,7800,12400
"Marshall, Roger",Jomax Construction,10750,0,10750
"Marshall, Roger",Associated General Contractors,10000,10000,0
"Marshall, Roger",Bluegrass Cmte,10000,10000,0
"Marshall, Roger",BYRNE PAC,10000,10000,0
"Marshall, Roger",Common Values PAC,10000,10000,0
"Marshall, Roger",Council of Insurance Agents & Brokers,10000,10000,0
"Marshall, Roger",Credit Union National Assn,10000,10000,0
"Marshall, Roger",Dairy Farmers of America,10000,10000,0
"Marshall, Roger",Deere & Co,10000,10000,0
"Marshall, Roger",Farmers' Rice Cooperative,10000,10000,0
"Marshall, Roger",Heartland Values PAC,10000,10000,0
"Marshall, Roger",Independent Insurance Agents & Brokers of America,10000,10000,0
"Marshall, Roger",International Franchise Assn,10000,10000,0
"Marshall, Roger",Livestock Marketing Assn,10000,7500,2500
"Marshall, Roger",Lockton Inc,10000,10000,0
"Marshall, Roger",National Assn of Realtors,10000,10000,0
"Marshall, Roger",National Assn of Spine Specialists,10000,10000,0
"Marshall, Roger",National Community Pharmacists Assn,10000,10000,0
"Marshall, Roger",National Beer Wholesalers Assn,10000,10000,0
"Marshall, Roger",National Auto Dealers Assn,10000,10000,0
"Marshall, Roger",National Assn of Wholesaler-Distributors,10000,10000,0
"Marshall, Roger",Kumar Family Limited Partnership,10800,0,10800
"Marshall, Roger",Archer Daniels Midland,10000,10000,0
"Marshall, Roger",American Society of Plastic Surgeons,10000,10000,0
"Marshall, Roger",Farm Credit Council,10000,10000,0
"Marshall, Roger",American College of Surgeons Prof Assn,10000,10000,0
"Marshall, Roger",Deloitte LLP,10600,10000,600
"Marshall, Roger",Edward C Levy Co,10600,0,10600
"Marshall, Roger",American Physical Therapy Assn,10000,10000,0
"Marshall, Roger",Foote Cattle Co,10600,0,10600
"Marshall, Roger",Sierra Investments,10600,0,10600
"Marshall, Roger",Altria Group,10530,10000,530
"Marshall, Roger",PricewaterhouseCoopers,10525,10000,525
"Marshall, Roger",Ernst & Young,10500,10000,500
"Marshall, Roger",Wichita Urology Group,10300,0,10300
"Marshall, Roger",Cerner Corp,10255,10000,255
"Marshall, Roger",Polsinelli PC,10175,6000,4175
"Marshall, Roger",McKee Foods,10400,0,10400
"Marshall, Roger",National Cattlemen's Beef Assn,10100,10000,100
"Marshall, Roger",American College of Emergency Physicians,10000,10000,0
"Marshall, Roger",American Assn of Neurological Surgeons,10000,10000,0
"Marshall, Roger",FedEx Corp,10150,10000,150
"Marshall, Roger",Alabama Farmers Federation,10000,10000,0
"Marshall, Roger",Air Line Pilots Assn,10000,10000,0
"Marshall, Roger",American Academy of Ophthalmology,10000,10000,0
"Marshall, Roger",KPMG LLP,10010,10000,10
"Marshall, Roger",Exxon Mobil,10091,10000,91
"Marshall, Roger",AT&T Inc,10007,10000,7
"Masto, Catherine Cortez",Charter Communications,20077,20000,77
"Masto, Catherine Cortez",Operating Engineers Union,20764,20000,764
"Masto, Catherine Cortez",Altria Group,20125,12500,7625
"Masto, Catherine Cortez",American Hotel & Lodging Assn,20000,20000,0
"Masto, Catherine Cortez",New York University,20419,0,20419
"Masto, Catherine Cortez",JAMS Inc,20433,0,20433
"Masto, Catherine Cortez","Clark County, NV",20441,0,20441
"Masto, Catherine Cortez","Wright, Stanish & Winckler",20700,0,20700
"Masto, Catherine Cortez",Dickinson Wright Pllc,20775,0,20775
"Masto, Catherine Cortez",A&B Printing & Mailing,22500,0,22500
"Masto, Catherine Cortez",American Health Care Assn,21000,18500,2500
"Masto, Catherine Cortez",America's Credit Unions,21000,21000,0
"Masto, Catherine Cortez",Voices for Progress,21234,334,20900
"Masto, Catherine Cortez",Greenberg Traurig LLP,21305,0,21305
"Masto, Catherine Cortez",Apercen Partners,21600,0,21600
"Masto, Catherine Cortez",Southern Glazer's Wine & Spirits,21863,5000,16863
"Masto, Catherine Cortez",Womencount PAC,22048,260,21788
"Masto, Catherine Cortez",National Assn of Real Estate Investment Trusts,22500,22500,0
"Masto, Catherine Cortez",Humana Inc,22626,22500,126
"Masto, Catherine Cortez",American Society of Anesthesiologists,20000,20000,0
"Masto, Catherine Cortez",Blackstone Group,20901,0,20901
"Masto, Catherine Cortez",Great Lakes PAC,20000,20000,0
"Masto, Catherine Cortez",United Food & Commercial Workers Union,17524,17500,24
"Masto, Catherine Cortez",Transport Workers Union,20000,20000,0
"Masto, Catherine Cortez",Ironworkers Union,17500,17500,0
"Masto, Catherine Cortez",PricewaterhouseCoopers,22894,15000,7894
"Masto, Catherine Cortez",Cox Enterprises,17558,17500,58
"Masto, Catherine Cortez",Northrop Grumman,17939,15000,2939
"Masto, Catherine Cortez",Cigna Corp,18084,17500,584
"Masto, Catherine Cortez",US Government,18226,0,18226
"Masto, Catherine Cortez",Allegiant Travel Co,18276,10000,8276
"Masto, Catherine Cortez",University of Pennsylvania,18370,0,18370
"Masto, Catherine Cortez",Caesars Entertainment,18497,11000,7497
"Masto, Catherine Cortez",T-Mobile USA,18586,18500,86
"Masto, Catherine Cortez",Clifford Law Offices,18700,0,18700
"Masto, Catherine Cortez",Weltz & Luxenberg PC,18900,0,18900
"Masto, Catherine Cortez",Starwood Capital Group,18904,0,18904
"Masto, Catherine Cortez",National Multifamily Housing Council,18950,18500,450
"Masto, Catherine Cortez",Arcata Assoc,19000,0,19000
"Masto, Catherine Cortez",Amgen Inc,19109,20000,-891
"Masto, Catherine Cortez",Cooney & Conway,19200,0,19200
"Masto, Catherine Cortez",Greenspun Corp,19261,0,19261
"Masto, Catherine Cortez",Goldman Sachs,19753,6000,13753
"Masto, Catherine Cortez",Blue Cross/Blue Shield,19946,13000,6946
"Masto, Catherine Cortez",University of Michigan,19991,0,19991
"Masto, Catherine Cortez",Peirson & Patterson,20000,0,20000
"Masto, Catherine Cortez",Vail Resorts,22918,17500,5418
"Masto, Catherine Cortez",Kynikos Assoc,27000,0,27000
"Masto, Catherine Cortez",Weitz & Luxenberg,22940,0,22940
"Masto, Catherine Cortez",Stanford University,30669,0,30669
"Masto, Catherine Cortez",Boyd Gaming,31515,15000,16515
"Masto, Catherine Cortez","Sheet Metal, Air, Rail & Transportation Union",32000,30000,2000
"Masto, Catherine Cortez","Brownstein, Hyatt et al",32350,1000,31350
"Masto, Catherine Cortez",National Air Traffic Controllers Assn,32500,32500,0
"Masto, Catherine Cortez",Munoz & Co,32700,0,32700
"Masto, Catherine Cortez","Akin, Gump et al",34438,1000,33438
"Masto, Catherine Cortez",Sorensen's Resort,36175,0,36175
"Masto, Catherine Cortez",Women's Cancer Center of Nevada,36900,0,36900
"Masto, Catherine Cortez",Microsoft Corp,42083,23500,18583
"Masto, Catherine Cortez",American Assn for Justice,22925,22500,425
"Masto, Catherine Cortez",Berkshire Hathaway,43229,37500,5729
"Masto, Catherine Cortez",MGM Resorts International,47221,20000,27221
"Masto, Catherine Cortez",Comcast Corp,52990,20000,32990
"Masto, Catherine Cortez",Council for a Livable World,54733,1000,53733
"Masto, Catherine Cortez",Honeywell International,55197,20000,35197
"Masto, Catherine Cortez",Democratic Senatorial Campaign Cmte,57400,46800,10600
"Masto, Catherine Cortez",University of Nevada,73759,0,73759
"Masto, Catherine Cortez",University of California,97186,0,97186
"Masto, Catherine Cortez",JStreetPAC,201558,999,200559
"Masto, Catherine Cortez",League of Conservation Voters,401480,8050,393430
"Masto, Catherine Cortez",EMILY's List,567983,10000,557983
"Masto, Catherine Cortez",Alphabet Inc,46196,20000,26196
"Masto, Catherine Cortez",International Brotherhood of Electrical Workers,30376,30000,376
"Masto, Catherine Cortez",Ulta Beauty,30400,0,30400
"Masto, Catherine Cortez",Meruelo Group,28900,0,28900
"Masto, Catherine Cortez",Thornton Law Firm,23300,0,23300
"Masto, Catherine Cortez",State of California,23800,0,23800
"Masto, Catherine Cortez",AT&T Inc,23949,7000,16949
"Masto, Catherine Cortez",Van Wagner Communications,23950,0,23950
"Masto, Catherine Cortez",National Education Assn,24149,20000,4149
"Masto, Catherine Cortez",Senior Care Pharmacy Coalition,24250,10000,14250
"Masto, Catherine Cortez",UnitedHealth Group,24870,17500,7370
"Masto, Catherine Cortez",Carpenters & Joiners Union,25000,25000,0
"Masto, Catherine Cortez",Border Health,25000,25000,0
"Masto, Catherine Cortez",Susman Godfrey LLP,29350,0,29350
"Masto, Catherine Cortez",UNITE HERE,25124,25000,124
"Masto, Catherine Cortez",Air Line Pilots Assn,25050,25000,50
"Masto, Catherine Cortez",NCTA The Internet & Television Assn,26000,15000,11000
"Masto, Catherine Cortez",Kansas City Urology Care,26000,0,26000
"Masto, Catherine Cortez",National Beer Wholesalers Assn,26500,26500,0
"Masto, Catherine Cortez",Barona Band of Mission Indians,26500,0,26500
"Masto, Catherine Cortez",Harvard University,26724,0,26724
"Masto, Catherine Cortez",Thompson & Knight,26800,0,26800
"Masto, Catherine Cortez",City University of New York,27025,0,27025
"Masto, Catherine Cortez","Enenstein, Ribakoff et al",27213,0,27213
"Masto, Catherine Cortez",Motley Rice LLC,27540,0,27540
"Masto, Catherine Cortez",Bend The Arc Jewish Action,28185,10000,18185
"Masto, Catherine Cortez",Pfizer Inc,28536,25000,3536
"Masto, Catherine Cortez",Deloitte LLP,25281,20000,5281
"Masto, Catherine Cortez",Silver Lake Partners,59188,15000,44188
"McConnell, Mitch",United Parcel Service,142600,40000,102600
"McConnell, Mitch",Altria Group,142635,35000,107635
"McConnell, Mitch",NorPAC,163575,0,163575
"McConnell, Mitch",Capital Group Companies,128143,23500,104643
"McConnell, Mitch",Microsoft Corp,45297,35000,10297
"McConnell, Mitch",National Beer Wholesalers Assn,40000,40000,0
"McConnell, Mitch",National Auto Dealers Assn,40000,40000,0
"McConnell, Mitch",Mortgage Bankers Assn,40000,40000,0
"McConnell, Mitch",Automotive Free International Trade PAC,40000,40000,0
"McConnell, Mitch",American Hotel & Lodging Assn,40000,40000,0
"McConnell, Mitch",National Assn of Home Builders,40008,40000,8
"McConnell, Mitch",Prudential Financial,40405,40000,405
"McConnell, Mitch",Boeing Co,40516,22500,18016
"McConnell, Mitch",Bank of America,40925,2500,38425
"McConnell, Mitch",National Rural Electric Cooperative Assn,40000,40000,0
"McConnell, Mitch",American Council Of Life Insurers,41400,33000,8400
"McConnell, Mitch",Frost Brown Todd LLC,41505,0,41505
"McConnell, Mitch",American Dental Assn,42600,40000,2600
"McConnell, Mitch",National Assn of Realtors,42654,39999,2655
"McConnell, Mitch",Abbott Laboratories,43358,40000,3358
"McConnell, Mitch",Wiley Rein LLP,43620,0,43620
"McConnell, Mitch",Foley & Lardner,44320,9000,35320
"McConnell, Mitch",Associated General Contractors,45000,45000,0
"McConnell, Mitch",Alphabet Inc,45342,40000,5342
"McConnell, Mitch",General Motors,45410,37500,7910
"McConnell, Mitch",Home Depot,41413,30000,11413
"McConnell, Mitch",BP,45785,22500,23285
"McConnell, Mitch",NCTA The Internet & Television Assn,40000,40000,0
"McConnell, Mitch",Union Pacific Corp,39643,37500,2143
"McConnell, Mitch",California Dairies Inc,35000,35000,0
"McConnell, Mitch",Eastman Chemical,35073,30000,5073
"McConnell, Mitch",Anheuser-Busch InBev,35099,35000,99
"McConnell, Mitch",AstraZeneca PLC,35206,32500,2706
"McConnell, Mitch",Woodbranch Investments,35600,0,35600
"McConnell, Mitch",Wells Fargo,35616,15000,20616
"McConnell, Mitch",Corning Inc,36070,28500,7570
"McConnell, Mitch",AFLAC Inc,36207,35000,1207
"McConnell, Mitch",Beam Suntory,36793,0,36793
"McConnell, Mitch",Massachusetts Mutual Life Insurance,39975,30000,9975
"McConnell, Mitch",Miller Strategies,36950,0,36950
"McConnell, Mitch",Marathon Petroleum,37271,35000,2271
"McConnell, Mitch",National Multifamily Housing Council,37500,40000,-2500
"McConnell, Mitch",Alkermes Inc,37525,10000,27525
"McConnell, Mitch",Caterpillar Inc,37597,25000,12597
"McConnell, Mitch",Atlas Air Worldwide,37690,12500,25190
"McConnell, Mitch",American Institute of CPAs,38000,38000,0
"McConnell, Mitch",USAA,38082,35000,3082
"McConnell, Mitch","Welsh, Carson et al",39400,0,39400
"McConnell, Mitch",International Paper,39440,39000,440
"McConnell, Mitch",American Hospital Assn,37200,30000,7200
"McConnell, Mitch",National Assn of Convenience Stores,35000,35000,0
"McConnell, Mitch",Deloitte LLP,46801,40000,6801
"McConnell, Mitch",America's Credit Unions,49500,48500,1000
"McConnell, Mitch",Cigna Corp,68407,40000,28407
"McConnell, Mitch",Charter Communications,68980,20000,48980
"McConnell, Mitch",Amgen Inc,71606,35000,36606
"McConnell, Mitch",UnitedHealth Group,72035,25000,47035
"McConnell, Mitch",Pfizer Inc,77076,28499,48577
"McConnell, Mitch",BGR Group,78589,10250,68339
"McConnell, Mitch",American Airlines Group,79117,30000,49117
"McConnell, Mitch",DaVita Inc,83144,35000,48144
"McConnell, Mitch",Comcast Corp,85000,40000,45000
"McConnell, Mitch",Metlife Inc,85838,40000,45838
"McConnell, Mitch",Kindred Healthcare,88097,22500,65597
"McConnell, Mitch",Humana Inc,90151,40000,50151
"McConnell, Mitch",FedEx Corp,96164,40000,56164
"McConnell, Mitch",KKR & Co,96478,12500,83978
"McConnell, Mitch",NextEra Energy,97091,30000,67091
"McConnell, Mitch",Blue Cross/Blue Shield,97935,75000,22935
"McConnell, Mitch",AT&T Inc,102295,45000,57295
"McConnell, Mitch",LHC Group,111877,20000,91877
"McConnell, Mitch",Eli Lilly & Co,114039,33500,80539
"McConnell, Mitch",Blackstone Group,124542,1000,123542
"McConnell, Mitch",Votesane PAC,127400,100,127300
"McConnell, Mitch",Berkshire Hathaway,66231,31000,35231
"McConnell, Mitch",Merck & Co,47648,40000,7648
"McConnell, Mitch",Bristol-Myers Squibb,65239,42500,22739
"McConnell, Mitch",Apollo Global Management,63846,10000,53846
"McConnell, Mitch",Northrop Grumman,49777,32500,17277
"McConnell, Mitch",Delta Air Lines,50223,36000,14223
"McConnell, Mitch",Walt Disney Co,50819,15000,35819
"McConnell, Mitch",Leon Medical Centers,53000,0,53000
"McConnell, Mitch",Ford Motor Co,53028,40000,13028
"McConnell, Mitch",CC Clark Inc,53388,0,53388
"McConnell, Mitch",Southern Co,54129,40000,14129
"McConnell, Mitch",Verizon Communications,55596,40000,15596
"McConnell, Mitch",Honeywell International,56226,40000,16226
"McConnell, Mitch",Brown-Forman Corp,64170,25000,39170
"McConnell, Mitch",CSX Corp,56484,45000,11484
"McConnell, Mitch",Raytheon Technologies,57616,33500,24116
"McConnell, Mitch",Select Medical Corp,57628,12500,45128
"McConnell, Mitch","Brownstein, Hyatt et al",58650,7000,51650
"McConnell, Mitch",Fidelity Investments,58750,29000,29750
"McConnell, Mitch",CVS Health,59072,50000,9072
"McConnell, Mitch",Goldman Sachs,61079,20000,41079
"McConnell, Mitch",GEO Group,62204,15000,47204
"McConnell, Mitch",AbbVie Inc,63314,52500,10814
"McConnell, Mitch",JPMorgan Chase & Co,63727,20000,43727
"McConnell, Mitch",Walmart Inc,57151,35000,22151
"McConnell, Mitch",National Assn of Real Estate Investment Trusts,35000,35000,0
"Menendez, Robert",Genentech Inc,18559,18500,59
"Menendez, Robert",Winning Strategies Washington,18678,3500,15178
"Menendez, Robert",Chartwell Hotels,26400,0,26400
"Menendez, Robert",Verizon Communications,22577,16000,6577
"Menendez, Robert",Krivit & Krivit,23065,0,23065
"Menendez, Robert",Rasky Partners,23149,0,23149
"Menendez, Robert",Kasowitz Benson Torres Llp,23415,0,23415
"Menendez, Robert",Johnson & Johnson,23589,22500,1089
"Menendez, Robert","Hudson County, NJ",23732,0,23732
"Menendez, Robert",General Motors,24000,22000,2000
"Menendez, Robert",Genesis 10,24100,0,24100
"Menendez, Robert",Daibes Enterprises,24159,0,24159
"Menendez, Robert",Waters McPherson Mcneill,24800,0,24800
"Menendez, Robert",Select Medical Corp,25000,20000,5000
"Menendez, Robert",American Assn for Justice,25000,25000,0
"Menendez, Robert",Morris Realty Lp,25400,0,25400
"Menendez, Robert",Blackstone Group,25500,5000,20500
"Menendez, Robert","Sills, Cummis & Gross",26350,0,26350
"Menendez, Robert",Continental Food & Beverage,18500,0,18500
"Menendez, Robert",HBJ Investments,26599,0,26599
"Menendez, Robert",Monmouth Real Estate Investment,26750,0,26750
"Menendez, Robert",Honeywell International,26785,25000,1785
"Menendez, Robert",Tonio Burgos & Assoc,27300,0,27300
"Menendez, Robert",Lockheed Martin,27315,27000,315
"Menendez, Robert",Real Estate Roundtable,22500,22500,0
"Menendez, Robert",Morgan Stanley,27400,15000,12400
"Menendez, Robert",Holy Name Medical Center,22090,0,22090
"Menendez, Robert",Holland & Knight,21850,14500,7350
"Menendez, Robert",International Longshoremens Assn,17500,12500,5000
"Menendez, Robert",VantageKnight Inc,19400,0,19400
"Menendez, Robert",Hovnanian Enterprises,19410,0,19410
"Menendez, Robert",Holtec International,19600,0,19600
"Menendez, Robert",Tom James Co,19700,2000,17700
"Menendez, Robert",Manatos & Manatos,19805,0,19805
"Menendez, Robert",Fabuwood Cabinetry,19900,0,19900
"Menendez, Robert",Ironworkers Union,20000,20000,0
"Menendez, Robert",Carpenters & Joiners Union,20000,20000,0
"Menendez, Robert",Omnicom Group,20100,0,20100
"Menendez, Robert",Laborers Union,20100,15000,5100
"Menendez, Robert",Arbor Realty Trust,20100,0,20100
"Menendez, Robert",Sanofi,20145,20000,145
"Menendez, Robert",Rwjbarnabas Health,20253,0,20253
"Menendez, Robert",LA Sunset Tanning Salon,20600,0,20600
"Menendez, Robert",Citigroup Inc,21230,17500,3730
"Menendez, Robert",Minno & Wasko Architects,21300,0,21300
"Menendez, Robert",Horizon Blue Cross,21500,0,21500
"Menendez, Robert",Air Line Pilots Assn,21500,21500,0
"Menendez, Robert",Rudin Management,21600,0,21600
"Menendez, Robert",Fairview Insurance Agency,21600,0,21600
"Menendez, Robert",National Multifamily Housing Council,22000,20000,2000
"Menendez, Robert",Capitol Counsel,28250,0,28250
"Menendez, Robert",Apollo Global Management,22700,0,22700
"Menendez, Robert",Miami International Holdings,28700,0,28700
"Menendez, Robert",Federated Investors Inc,46000,5000,41000
"Menendez, Robert",Gibbons PC,47350,7400,39950
"Menendez, Robert",Greenberg Traurig LLP,48305,7000,41305
"Menendez, Robert",Daybreak Express,48365,0,48365
"Menendez, Robert",Novartis AG,50138,23000,27138
"Menendez, Robert","Paul, Weiss et al",50750,0,50750
"Menendez, Robert",Leon Medical Centers,52000,0,52000
"Menendez, Robert",Comcast Corp,52230,35000,17230
"Menendez, Robert",Prudential Financial,53125,40000,13125
"Menendez, Robert",AT&T Inc,53136,49000,4136
"Menendez, Robert",Goldman Sachs,56185,15000,41185
"Menendez, Robert","Carella, Byrne et al",60818,0,60818
"Menendez, Robert",Panepinto Properties,67700,0,67700
"Menendez, Robert",Lowenstein Sandler LLP,81415,0,81415
"Menendez, Robert",Inserra Supermarkets,93600,0,93600
"Menendez, Robert",NorPAC,266389,15500,250889
"Menendez, Robert",Questor Management,18300,0,18300
"Menendez, Robert",Tiber Creek Group,19250,0,19250
"Menendez, Robert",Novo Nordisk,17525,17500,25
"Menendez, Robert",Pfizer Inc,28560,27500,1060
"Menendez, Robert",Capital Group Companies,18900,0,18900
"Menendez, Robert",Blue Cross/Blue Shield,45505,30000,15505
"Menendez, Robert",General Atomics,43800,18500,25300
"Menendez, Robert",Hackensack University Medical Center,19038,0,19038
"Menendez, Robert",Motley Rice LLC,40000,0,40000
"Menendez, Robert",Public Service Enterprise Group,40248,17143,23105
"Menendez, Robert",Eli Lilly & Co,29110,16000,13110
"Menendez, Robert",National Venture Capital Assn,29500,27500,2000
"Menendez, Robert",Covanta Energy Corp,29500,21000,8500
"Menendez, Robert",Microsoft Corp,29838,13500,16338
"Menendez, Robert","Akin, Gump et al",31900,6000,25900
"Menendez, Robert",International Brotherhood of Electrical Workers,32000,32000,0
"Menendez, Robert",National Air Traffic Controllers Assn,32500,32500,0
"Menendez, Robert",IDT Corp,34900,10000,24900
"Menendez, Robert","Pachulski, Stang et al",35100,0,35100
"Menendez, Robert",DLA Piper,35700,18000,17700
"Menendez, Robert",Freedom Capital Partners,29000,0,29000
"Menendez, Robert",Merck & Co,36255,35000,1255
"Menendez, Robert",Mortgage Bankers Assn,36500,36500,0
"Menendez, Robert","Brownstein, Hyatt et al",36750,15500,21250
"Menendez, Robert",WPP plc,37021,2000,35021
"Menendez, Robert",Mack-Cali Realty,38200,0,38200
"Menendez, Robert",National Assn of Realtors,39000,39000,0
"Menendez, Robert",National Assn of Home Builders,39300,39000,300
"Menendez, Robert",Bristol-Myers Squibb,39305,32500,6805
"Menendez, Robert",National Assn of Real Estate Investment Trusts,40000,40000,0
"Menendez, Robert",Amgen Inc,36000,34000,2000
"Merkley, Jeff",Bricklayers Union,20000,15000,5000
"Merkley, Jeff",American Academy of Ophthalmology,20000,20000,0
"Merkley, Jeff",Greenbrier Companies,20015,0,20015
"Merkley, Jeff",Teaching Strategies Inc,24058,0,24058
"Merkley, Jeff",Service Employees International Union,21178,10000,11178
"Merkley, Jeff",University of California,22187,0,22187
"Merkley, Jeff",Thrivent Financial,24834,20000,4834
"Merkley, Jeff",UNITE HERE,20453,20000,453
"Merkley, Jeff",National Community Action Foundation,20000,20000,0
"Merkley, Jeff",Capitol Counsel,17500,0,17500
"Merkley, Jeff","Stoll, Berne et al",18670,0,18670
"Merkley, Jeff",Providence Health & Services,18301,0,18301
"Merkley, Jeff",The Baffler,17600,0,17600
"Merkley, Jeff",Zumiez Inc,17396,0,17396
"Merkley, Jeff",Lane Powell PC,16800,0,16800
"Merkley, Jeff","Sheet Metal, Air, Rail & Transportation Union",16500,16500,0
"Merkley, Jeff",Cow Creek Band of Umpqua Indians,15600,0,15600
"Merkley, Jeff",Panzi Foundation,15600,0,15600
"Merkley, Jeff",United Food & Commercial Workers Union,25000,25000,0
"Merkley, Jeff",Honeywell International,15360,15000,360
"Merkley, Jeff",American Federation of State/Cnty/Munic Employees,18814,17500,1314
"Merkley, Jeff",National Assn of Letter Carriers,25174,25000,174
"Merkley, Jeff",Oregon State University,33912,0,33912
"Merkley, Jeff",JStreetPAC,27177,0,27177
"Merkley, Jeff",Comcast Corp,15275,2500,12775
"Merkley, Jeff",Oregon Health & Science University,77005,0,77005
"Merkley, Jeff",State of Oregon,69286,0,69286
"Merkley, Jeff",Intel Corp,66819,17500,49319
"Merkley, Jeff",League of Conservation Voters,64347,15095,49252
"Merkley, Jeff",Digital Vision Inc,62300,0,62300
"Merkley, Jeff",Communications Workers of America,40649,40000,649
"Merkley, Jeff",Matthews International Capital Management,39200,0,39200
"Merkley, Jeff",International Brotherhood of Electrical Workers,37419,35000,2419
"Merkley, Jeff",Portland State University,25837,0,25837
"Merkley, Jeff",Kaiser Permanente,36902,0,36902
"Merkley, Jeff",University of Oregon,35411,0,35411
"Merkley, Jeff",Wihtol Law Office,32500,0,32500
"Merkley, Jeff",Blue Basin Beef,31200,0,31200
"Merkley, Jeff",National University of Singapore,31008,0,31008
"Merkley, Jeff",National Assn of Realtors,30095,30000,95
"Merkley, Jeff","Kleiner, Perkins et al",29300,0,29300
"Merkley, Jeff",Berkshire Hathaway,28030,7000,21030
"Merkley, Jeff",National Air Traffic Controllers Assn,28000,28000,0
"Merkley, Jeff",Vernier Software & Technology,27501,0,27501
"Merkley, Jeff",Tunica-Biloxi Tribe of Louisiana,35600,0,35600
"Merkley, Jeff",Teamsters Union,15065,15000,65
"Merkley, Jeff",America Works,10000,10000,0
"Merkley, Jeff",American Assn of Nurse Anesthesiology,15000,15000,0
"Merkley, Jeff",Portland Community College,11359,0,11359
"Merkley, Jeff",Davis Wright Tremaine LLP,11326,0,11326
"Merkley, Jeff",Bad Robot Productions,11200,0,11200
"Merkley, Jeff","Draper, Fisher & Jurvetson",11200,0,11200
"Merkley, Jeff",Klein Financial,11200,0,11200
"Merkley, Jeff",Moga Investments,11200,0,11200
"Merkley, Jeff",United Group,11200,0,11200
"Merkley, Jeff","Akin, Gump et al",11100,0,11100
"Merkley, Jeff",McGinn & Co,11000,0,11000
"Merkley, Jeff",Nike Inc,10963,2500,8463
"Merkley, Jeff",Perkins Coie,11383,0,11383
"Merkley, Jeff",Eye Health Northwest,10835,0,10835
"Merkley, Jeff",Scanlankemperbard Companies,10642,0,10642
"Merkley, Jeff",Fritts Group,10500,0,10500
"Merkley, Jeff","Williams, Love et al",10275,0,10275
"Merkley, Jeff",General Motors,10120,10000,120
"Merkley, Jeff",US Postal Service,10080,0,10080
"Merkley, Jeff",Carpenters & Joiners Union,10055,10000,55
"Merkley, Jeff",American Federation of Teachers,10050,10000,50
"Merkley, Jeff",Common Ground PAC,10000,10000,0
"Merkley, Jeff",American Veterinary Medical Assn,10000,10000,0
"Merkley, Jeff",American Assn of Nurse Anesthetists,10000,10000,0
"Merkley, Jeff",Jubitz Family Foundation,10655,0,10655
"Merkley, Jeff",American Assn for Justice,15000,15000,0
"Merkley, Jeff",Mountain Rose Herbs,11550,0,11550
"Merkley, Jeff",Annie Bloom's Books,11750,0,11750
"Merkley, Jeff",Burns & McDonnell,15000,15000,0
"Merkley, Jeff",International Assn of Fire Fighters,15000,15000,0
"Merkley, Jeff",National Popular Vote,15000,0,15000
"Merkley, Jeff",Transport Workers Union,15000,15000,0
"Merkley, Jeff",Microsoft Corp,14205,5500,8705
"Merkley, Jeff",Russell Fellows Properties,13821,0,13821
"Merkley, Jeff",Corson & Johnson Law Firm,13799,0,13799
"Merkley, Jeff",Managed Care Rn,13500,0,13500
"Merkley, Jeff",National Multifamily Housing Council,13500,13500,0
"Merkley, Jeff",Alphabet Inc,13472,6000,7472
"Merkley, Jeff",HP Inc,11641,0,11641
"Merkley, Jeff",Westly Group,13100,0,13100
"Merkley, Jeff","Smith, Dawson & Andrews",13000,0,13000
"Merkley, Jeff",Roseburg Forest Products,12815,0,12815
"Merkley, Jeff",American Nurses Assn,12760,9000,3760
"Merkley, Jeff","Dr Curtis T Thompson & Assoc, L",12500,0,12500
"Merkley, Jeff",Michael Curry Designs,12500,0,12500
"Merkley, Jeff",American Postal Workers Union,12033,12000,33
"Merkley, Jeff",Bauman Foundation,12000,0,12000
"Merkley, Jeff",Portland Public Schools,11931,0,11931
"Merkley, Jeff",Reed College,11881,0,11881
"Merkley, Jeff",National Education Assn,11850,10000,1850
"Merkley, Jeff",Carlyle Group,13075,7500,5575
"Merkley, Jeff",Invision App,10030,0,10030
"Merkley, Jeff",Confederated Tribes of Grand Ronde,10000,0,10000
"Merkley, Jeff",Digital Innovations Group,10000,0,10000
"Moran, Jerry",Deloitte LLP,33100,31000,2100
"Moran, Jerry",CSX Corp,32500,32500,0
"Moran, Jerry",National Air Traffic Controllers Assn,31500,31500,0
"Moran, Jerry",Google Inc,31200,27500,3700
"Moran, Jerry",General Motors,31000,31000,0
"Moran, Jerry",Chickasaw Nation,30600,0,30600
"Moran, Jerry",American Bankers Assn,30450,30000,450
"Moran, Jerry",American Physical Therapy Assn,30000,30000,0
"Moran, Jerry",National Beer Wholesalers Assn,30000,30000,0
"Moran, Jerry",Norfolk Southern,30000,30000,0
"Moran, Jerry",Koch Industries,29400,10000,19400
"Moran, Jerry",Van Scoyoc Assoc,29319,1469,27850
"Moran, Jerry",Amgen Inc,28750,27500,1250
"Moran, Jerry",NextEra Energy,28500,9000,19500
"Moran, Jerry",Pfizer Inc,28500,28500,0
"Moran, Jerry",Telephone & Data Systems Inc,28500,23500,5000
"Moran, Jerry",Grant Thornton LLP,27850,22500,5350
"Moran, Jerry",National Auto Dealers Assn,27500,27500,0
"Moran, Jerry",Charter Communications,26500,26500,0
"Moran, Jerry",National Assn of Realtors,26500,26500,0
"Moran, Jerry",Northrop Grumman,26275,26000,275
"Moran, Jerry",National Assn of Broadcasters,33500,30500,3000
"Moran, Jerry",Polsinelli PC,26225,3500,22725
"Moran, Jerry",Mortgage Bankers Assn,34000,33000,1000
"Moran, Jerry",National Multifamily Housing Council,35000,35000,0
"Moran, Jerry",Union Pacific Corp,68275,40000,28275
"Moran, Jerry",Bartlett Grain,64100,0,64100
"Moran, Jerry",Spirit Aerosystems,63050,45000,18050
"Moran, Jerry",Berkshire Hathaway,61300,40000,21300
"Moran, Jerry",Burns & McDonnell,58300,7500,50800
"Moran, Jerry",AT&T Inc,47000,47000,0
"Moran, Jerry",Comcast Corp,41250,40000,1250
"Moran, Jerry",Dickinson County Bank,41000,0,41000
"Moran, Jerry",Kansas City Southern,40848,10000,30848
"Moran, Jerry",DISH Network,40300,27500,12800
"Moran, Jerry",Senior Star,40000,0,40000
"Moran, Jerry",FedEx Corp,38900,33500,5400
"Moran, Jerry",Air Line Pilots Assn,37000,37000,0
"Moran, Jerry",American Hotel & Lodging Assn,36000,36000,0
"Moran, Jerry",United Parcel Service,35500,35500,0
"Moran, Jerry",Poarch Band of Creek Indians,35400,0,35400
"Moran, Jerry",NCTA The Internet & Television Assn,35250,35000,250
"Moran, Jerry",Automotive Free International Trade PAC,35000,35000,0
"Moran, Jerry",Honeywell International,35000,35000,0
"Moran, Jerry",Independent Community Bankers of America,35000,33500,1500
"Moran, Jerry",National Assn of Real Estate Investment Trusts,35000,35000,0
"Moran, Jerry",Lockheed Martin,34000,34000,0
"Moran, Jerry",Barona Band of Mission Indians,25800,0,25800
"Moran, Jerry",National Assn of Convenience Stores,25000,25000,0
"Moran, Jerry",T-Mobile USA,25250,14750,10500
"Moran, Jerry",Asurion Corp,18598,5000,13598
"Moran, Jerry",Smiths Group Services Corp,18500,18500,0
"Moran, Jerry",Hilltop Holdings,18400,0,18400
"Moran, Jerry",Farm Credit Council,18250,18250,0
"Moran, Jerry",Bayer AG,18000,18000,0
"Moran, Jerry",Sinclair Broadcast Group,18000,3000,15000
"Moran, Jerry",National Community Pharmacists Assn,17750,17500,250
"Moran, Jerry",Syngenta Corp,17700,12700,5000
"Moran, Jerry",Hallmark Cards,17504,0,17504
"Moran, Jerry",NTCA/Rural Broadband Assn,17500,17500,0
"Moran, Jerry",Securities Industry & Financial Mkt Assn,17500,17500,0
"Moran, Jerry",Innovative Livestock Services,17400,0,17400
"Moran, Jerry",Watco Companies,17350,0,17350
"Moran, Jerry",Microsoft Corp,17300,14500,2800
"Moran, Jerry",Verizon Communications,17000,17000,0
"Moran, Jerry",Tunica-Biloxi Tribe of Louisiana,16800,0,16800
"Moran, Jerry",Council of Insurance Agents & Brokers,16500,16500,0
"Moran, Jerry",McCarthy Auto Group,16500,0,16500
"Moran, Jerry",American Express,16000,16000,0
"Moran, Jerry",American Financial Services Assn,16000,16000,0
"Moran, Jerry",National Sorghum Producers,16000,13500,2500
"Moran, Jerry",Herzog,18600,5000,13600
"Moran, Jerry",Wells Fargo,19000,19000,0
"Moran, Jerry",Blue Cross/Blue Shield,19500,17000,2500
"Moran, Jerry",National Cotton Council,19750,13250,6500
"Moran, Jerry",Textron Inc,25100,25000,100
"Moran, Jerry",American Trucking Assns,24950,16000,8950
"Moran, Jerry",Crawford Group,24500,10000,14500
"Moran, Jerry",Walmart Inc,23525,23500,25
"Moran, Jerry",Ford Motor Co,23500,23500,0
"Moran, Jerry",MetLife Inc,23500,23000,500
"Moran, Jerry",Pechanga Band of Luiseno Mission Indians,23100,0,23100
"Moran, Jerry",American Assn of Orthopaedic Surgeons,22500,15000,7500
"Moran, Jerry",American Seniors Housing Assn,22500,22500,0
"Moran, Jerry",California Dairies Inc,22500,22500,0
"Moran, Jerry",Ciciora Custom Homes,154900,0,154900
"Moran, Jerry",HollyFrontier Corp,21000,15000,6000
"Moran, Jerry",Sierra Nevada Corp,20800,18000,2800
"Moran, Jerry",Macerich Co,20600,0,20600
"Moran, Jerry",Live Nation Entertainment,20500,0,20500
"Moran, Jerry",Koch Inc,20400,15000,5400
"Moran, Jerry",Yocha Dehe Wintun Nation,20300,0,20300
"Moran, Jerry",State Street Bank & Trust,20250,10000,10250
"Moran, Jerry",Merck & Co,20000,20000,0
"Moran, Jerry",Nebraska Sandhills PAC,20000,20000,0
"Moran, Jerry",Oracle Cerner,20000,20000,0
"Moran, Jerry",Woodbranch Investments,20000,0,20000
"Moran, Jerry",Shakopee Mdewakanton Sioux Community,20800,0,20800
"Moran, Jerry",Triwest Healthcare Alliance,25400,500,24900
"Moran, Jerry",Independent Insurance Agents & Brokers of America,33000,33000,0
"Murkowski, Lisa",Ernst & Young,21500,20000,1500
"Murkowski, Lisa",Laborers Union,37500,37500,0
"Murkowski, Lisa",Exelon Corp,37200,34500,2700
"Murkowski, Lisa",National Multifamily Housing Council,37000,37000,0
"Murkowski, Lisa",CSX Corp,36000,36000,0
"Murkowski, Lisa",KKR & Co,35610,0,35610
"Murkowski, Lisa",Air Line Pilots Assn,35000,35000,0
"Murkowski, Lisa",American Hospital Assn,35000,35000,0
"Murkowski, Lisa",Automotive Free International Trade PAC,35000,35000,0
"Murkowski, Lisa",Chevron Corp,34800,12000,22800
"Murkowski, Lisa",Energy Capital Partners,33500,33500,0
"Murkowski, Lisa",General Communication Inc,33400,22500,10900
"Murkowski, Lisa",Carnival Corp,32950,6500,26450
"Murkowski, Lisa",DTE Energy,32458,10500,21958
"Murkowski, Lisa",General Motors,32125,32125,0
"Murkowski, Lisa",Pacific Seafood Processors Assn,30900,18000,12900
"Murkowski, Lisa",Entergy Corp,30754,16000,14754
"Murkowski, Lisa",Edison Chouest Offshore,30500,0,30500
"Murkowski, Lisa",Huntington Ingalls Industries,30500,30500,0
"Murkowski, Lisa",Cow Creek Band of Umpqua Indians,30400,0,30400
"Murkowski, Lisa",Eversource Energy,30000,30000,0
"Murkowski, Lisa",Vail Resorts,30000,30000,0
"Murkowski, Lisa",Dominion Energy,37500,34500,3000
"Murkowski, Lisa",American Congress of Obstetricians & Gynecologists,29500,29500,0
"Murkowski, Lisa",PPL Corp,37750,37000,750
"Murkowski, Lisa",Northrop Grumman,38225,35500,2725
"Murkowski, Lisa",Pinnacle West Capital,62450,43000,19450
"Murkowski, Lisa",PG&E Corp,60650,29000,31650
"Murkowski, Lisa",Cheniere Energy,52400,5000,47400
"Murkowski, Lisa",Sempra Energy,51450,21750,29700
"Murkowski, Lisa",Delta Air Lines,51200,45000,6200
"Murkowski, Lisa",Occidental Petroleum,47600,23500,24100
"Murkowski, Lisa",Southern Co,46700,39000,7700
"Murkowski, Lisa",Blue Cross/Blue Shield,46275,35500,10775
"Murkowski, Lisa",FedEx Corp,46000,35000,11000
"Murkowski, Lisa",ConocoPhillips,45950,7400,38550
"Murkowski, Lisa",Northwest Alaska Native Assn,44200,40000,4200
"Murkowski, Lisa",Alaska Air Group,43515,11000,32515
"Murkowski, Lisa",RTX Corp,43000,43000,0
"Murkowski, Lisa",Elliott Management,42800,0,42800
"Murkowski, Lisa",National Assn of Realtors,41500,39000,2500
"Murkowski, Lisa",National Rural Electric Cooperative Assn,40200,36000,4200
"Murkowski, Lisa",Energy Transfer Partners,40050,5000,35050
"Murkowski, Lisa",National Assn of Home Builders,40000,40000,0
"Murkowski, Lisa",Trident Seafoods,39750,2700,37050
"Murkowski, Lisa",Saltchuk,39600,9000,30600
"Murkowski, Lisa",BP,39350,16000,23350
"Murkowski, Lisa",Wine & Spirits Wholesalers of America,38000,38000,0
"Murkowski, Lisa",NextEra Energy,63250,43000,20250
"Murkowski, Lisa",Berkshire Hathaway,29200,26000,3200
"Murkowski, Lisa",Deloitte LLP,28710,25000,3710
"Murkowski, Lisa",Ford Motor Co,20500,20500,0
"Murkowski, Lisa",Continuing America's Strength & Security,20000,20000,0
"Murkowski, Lisa",Lockheed Martin,20000,20000,0
"Murkowski, Lisa",National Rural Water Assn,20000,20000,0
"Murkowski, Lisa",Operating Engineers Union,20000,20000,0
"Murkowski, Lisa",General Electric,19700,14000,5700
"Murkowski, Lisa",BlueWater Strategies,19599,0,19599
"Murkowski, Lisa",Dow Inc,19500,19500,0
"Murkowski, Lisa",Snoqualmie Indian Tribe,19200,0,19200
"Murkowski, Lisa",Chugach Alaska,18550,16500,2050
"Murkowski, Lisa",Nuclear Energy Institute,18000,16500,1500
"Murkowski, Lisa",Bill & Melinda Gates Foundation,17700,0,17700
"Murkowski, Lisa",GE Aerospace,17700,15000,2700
"Murkowski, Lisa",International Paper,17500,17500,0
"Murkowski, Lisa",Marathon Petroleum,17500,17500,0
"Murkowski, Lisa",Burns & McDonnell,17000,17000,0
"Murkowski, Lisa",National Fisheries Institute,17000,17000,0
"Murkowski, Lisa",Exxon Mobil,16625,8625,8000
"Murkowski, Lisa",Marathon Oil,16600,6000,10600
"Murkowski, Lisa",BWX Technologies,16500,16500,0
"Murkowski, Lisa",Sierra Pacific Industries,16500,0,16500
"Murkowski, Lisa",Lynden Inc,21500,0,21500
"Murkowski, Lisa",Vigor Industrial,29000,18500,10500
"Murkowski, Lisa",Edison Electric Institute,22000,21000,1000
"Murkowski, Lisa",National Assn of Convenience Stores,22500,22500,0
"Murkowski, Lisa",Google Inc,28700,21000,7700
"Murkowski, Lisa",American College of Emergency Physicians,28500,28500,0
"Murkowski, Lisa",National Air Traffic Controllers Assn,27500,27500,0
"Murkowski, Lisa",Amway/Alticor Inc,27000,0,27000
"Murkowski, Lisa",General Dynamics,27000,27000,0
"Murkowski, Lisa",Steptoe & Johnson,27000,12500,14500
"Murkowski, Lisa",Barrick Gold Corp,26500,25000,1500
"Murkowski, Lisa",Honeywell International,26000,26000,0
"Murkowski, Lisa",Fortis Inc,25500,25500,0
"Murkowski, Lisa",Home Depot,25000,25000,0
"Murkowski, Lisa",NorPAC,24950,0,24950
"Murkowski, Lisa",Comcast Corp,24500,24500,0
"Murkowski, Lisa",Van Ness Feldman,24250,7000,17250
"Murkowski, Lisa",BASF Corp,24000,24000,0
"Murkowski, Lisa","Bryan, Cave et al",24000,24000,0
"Murkowski, Lisa",Pioneer Natural Resources,23700,2000,21700
"Murkowski, Lisa",Shakopee Mdewakanton Sioux Community,23700,0,23700
"Murkowski, Lisa",Walmart Inc,23525,23500,25
"Murkowski, Lisa",United Parcel Service,23510,23500,10
"Murkowski, Lisa",Credit Union National Assn,23000,23000,0
"Murkowski, Lisa",KPMG LLP,22500,22500,0
"Murkowski, Lisa","Robertson, Monagle & Eastaugh",22200,0,22200
"Murkowski, Lisa",Clearpath Foundation,71600,0,71600
"Murkowski, Lisa",Blank Rome LLP,16450,6750,9700
"Murphy, Christopher S",Yale University,135207,0,135207
"Murphy, Christopher S",League of Conservation Voters,16104,8537,7567
"Murphy, Christopher S","Silver, Golub & Teitell",16918,0,16918
"Murphy, Christopher S",Mayer Brown Llp,16986,0,16986
"Murphy, Christopher S",General Electric,17153,8000,9153
"Murphy, Christopher S",UnitedHealth Group,17333,6000,11333
"Murphy, Christopher S",NorPAC,17450,0,17450
"Murphy, Christopher S",Northrop Grumman,17537,16000,1537
"Murphy, Christopher S",Bank of America,17598,0,17598
"Murphy, Christopher S",Amazon.com,18219,11000,7219
"Murphy, Christopher S",American Optometric Assn,18500,18500,0
"Murphy, Christopher S",Alexander Soros Foundation,15400,0,15400
"Murphy, Christopher S","Gori, Julian & Assoc",18900,0,18900
"Murphy, Christopher S","Simpson, Thacher & Bartlett",19553,0,19553
"Murphy, Christopher S",Cherokee Nation,19900,0,19900
"Murphy, Christopher S",Woodbranch Investments,20000,0,20000
"Murphy, Christopher S",American Health Care Assn,20000,20000,0
"Murphy, Christopher S","Koskoff, Koskoff & Bieder",20145,0,20145
"Murphy, Christopher S",Alternative Investment Group,20400,0,20400
"Murphy, Christopher S",International Brotherhood of Electrical Workers,20498,20000,498
"Murphy, Christopher S",Independent Insurance Agents & Brokers of America,20500,20500,0
"Murphy, Christopher S",Bessemer Venture Partners,20800,0,20800
"Murphy, Christopher S",Apax Partners,20800,0,20800
"Murphy, Christopher S","Quinn, Emanuel et al",19250,0,19250
"Murphy, Christopher S",Walt Disney Co,15390,9000,6390
"Murphy, Christopher S",The Hartford,15311,0,15311
"Murphy, Christopher S",Dominion Energy,15268,15000,268
"Murphy, Christopher S",Eversource Energy,12790,10000,2790
"Murphy, Christopher S",Pfizer Inc,12885,0,12885
"Murphy, Christopher S",Association for Advanced Life Underwriting,13000,13000,0
"Murphy, Christopher S",Segal Ventures,13100,0,13100
"Murphy, Christopher S",Debevoise & Plimpton,13400,0,13400
"Murphy, Christopher S","Willkie, Farr & Gallagher",13410,0,13410
"Murphy, Christopher S",Ischemix,13500,0,13500
"Murphy, Christopher S",Capital Strategies Group,13550,0,13550
"Murphy, Christopher S","Ryan, Ryan & Deluca",13710,0,13710
"Murphy, Christopher S",Pdt Partners,13800,0,13800
"Murphy, Christopher S",State of Illinois,13878,0,13878
"Murphy, Christopher S",National Assn of Realtors,14000,14000,0
"Murphy, Christopher S",American Medical Assn,14048,14000,48
"Murphy, Christopher S",WPP plc,14183,0,14183
"Murphy, Christopher S",Global Partners LP,14300,0,14300
"Murphy, Christopher S",Connecticut State University System,14420,0,14420
"Murphy, Christopher S",Clifford Law Offices,14550,0,14550
"Murphy, Christopher S",Cross Sound Ferry,14650,0,14650
"Murphy, Christopher S",Kirkland & Ellis,14775,0,14775
"Murphy, Christopher S",Ironwood Partners,14950,0,14950
"Murphy, Christopher S",Putnam Bridge,15000,0,15000
"Murphy, Christopher S",Operating Engineers Union,15000,15000,0
"Murphy, Christopher S",National Assn of Letter Carriers,15250,15000,250
"Murphy, Christopher S",United Parcel Service,20824,20500,324
"Murphy, Christopher S","Akin, Gump et al",21110,2500,18610
"Murphy, Christopher S","Skadden, Arps et al",16919,0,16919
"Murphy, Christopher S",Home Depot,21244,20000,1244
"Murphy, Christopher S",Investment Co Institute,30000,30000,0
"Murphy, Christopher S",American College of Emergency Physicians,30000,30000,0
"Murphy, Christopher S",Honeywell International,30299,30000,299
"Murphy, Christopher S",UBS AG,30405,30000,405
"Murphy, Christopher S",KPMG LLP,30640,30000,640
"Murphy, Christopher S",PricewaterhouseCoopers,30944,30000,944
"Murphy, Christopher S",State of Connecticut,31036,0,31036
"Murphy, Christopher S",New York Life Insurance,31515,31000,515
"Murphy, Christopher S","Lieff, Cabraser et al",32218,0,32218
"Murphy, Christopher S",Ernst & Young,32788,30000,2788
"Murphy, Christopher S",Morgan Stanley,33570,7500,26070
"Murphy, Christopher S",Hartford Financial Services,34241,27500,6741
"Murphy, Christopher S",Goldman Sachs,39645,20000,19645
"Murphy, Christopher S",Sullivan & Cromwell,42495,0,42495
"Murphy, Christopher S",AT&T Inc,43904,9000,34904
"Murphy, Christopher S",CVS Health,44967,31000,13967
"Murphy, Christopher S",Charter Communications,46008,25000,21008
"Murphy, Christopher S",RTX Corp,49498,28500,20998
"Murphy, Christopher S",General Dynamics,51415,30000,21415
"Murphy, Christopher S",JPMorgan Chase & Co,56772,12500,44272
"Murphy, Christopher S",J Street,61545,0,61545
"Murphy, Christopher S",PJT Partners,29775,0,29775
"Murphy, Christopher S","Paul, Weiss et al",150103,0,150103
"Murphy, Christopher S",Google Inc,12674,9322,3352
"Murphy, Christopher S",Harvard University,29595,0,29595
"Murphy, Christopher S",National Multifamily Housing Council,22500,22500,0
"Murphy, Christopher S",Council of Insurance Agents & Brokers,22500,22500,0
"Murphy, Christopher S",Travelers Companies,22652,22500,152
"Murphy, Christopher S",Columbia University,22870,0,22870
"Murphy, Christopher S",Cigna Corp,23078,20000,3078
"Murphy, Christopher S",Massachusetts Mutual Life Insurance,23695,20000,3695
"Murphy, Christopher S",Shipman & Goodwin,23948,0,23948
"Murphy, Christopher S",Pitney Bowes Inc,24097,10500,13597
"Murphy, Christopher S",Deloitte LLP,24650,20000,4650
"Murphy, Christopher S",American Institute of CPAs,25000,25000,0
"Murphy, Christopher S",MetLife Inc,21401,17500,3901
"Murphy, Christopher S",Hartford Health Care,26163,0,26163
"Murphy, Christopher S",Microsoft Corp,26224,11500,14724
"Murphy, Christopher S",Lockheed Martin,26636,25000,1636
"Murphy, Christopher S",Mortgage Bankers Assn,27568,27500,68
"Murphy, Christopher S",Citigroup Inc,27632,8500,19132
"Murphy, Christopher S",Simmons Hanly Conroy,27700,0,27700
"Murphy, Christopher S",Veritas Capital,28121,7500,20621
"Murphy, Christopher S",Prudential Financial,28403,27500,903
"Murphy, Christopher S",University of Connecticut,29243,0,29243
"Murphy, Christopher S",Silver Lake Partners,25305,0,25305
"Murray, Patty",General Motors,25000,25000,0
"Murray, Patty",National Assn of Real Estate Investment Trusts,25000,25000,0
"Murray, Patty",Snoqualmie Indian Tribe,25000,0,25000
"Murray, Patty",Wine & Spirits Wholesalers of America,25000,25000,0
"Murray, Patty",McKesson Corp,24500,24500,0
"Murray, Patty",NorPAC,24600,0,24600
"Murray, Patty",Cooper House,24550,0,24550
"Murray, Patty",American Federation of Teachers,25029,25000,29
"Murray, Patty",Sanofi,24500,24000,500
"Murray, Patty",Bill & Melinda Gates Foundation,24822,0,24822
"Murray, Patty",Humana Inc,25427,22500,2927
"Murray, Patty",American Superconductor,27600,0,27600
"Murray, Patty",Laborers Union,26500,26000,500
"Murray, Patty",Genentech Inc,27030,27000,30
"Murray, Patty",International Brotherhood of Electrical Workers,27203,26000,1203
"Murray, Patty",Altria Group,27650,25000,2650
"Murray, Patty",Hewlett Packard Enterprise,28001,24000,4001
"Murray, Patty",International Paper,28179,22500,5679
"Murray, Patty",Perkins Coie,28243,0,28243
"Murray, Patty",J Street,28330,5000,23330
"Murray, Patty",Madrona Venture Group,24207,0,24207
"Murray, Patty",Alaska Air Group,28708,10000,18708
"Murray, Patty",American Assn for Justice,26366,24500,1866
"Murray, Patty",BAE Systems,23504,19000,4504
"Murray, Patty",Battelle,21720,0,21720
"Murray, Patty","Akin, Gump et al",23280,5580,17700
"Murray, Patty",Intellectual Ventures LLC,28780,6500,22280
"Murray, Patty",Trident Seafoods,20463,0,20463
"Murray, Patty",Puyallup Tribe of Indians,20400,0,20400
"Murray, Patty",Cardinal Health,20003,20000,3
"Murray, Patty",Off the Sidelines,20000,20000,0
"Murray, Patty",Purpose PAC,20000,20000,0
"Murray, Patty",American Academy of Dermatology Assn,21000,21000,0
"Murray, Patty",AFLAC Inc,21000,21500,-500
"Murray, Patty",EmblemHealth Inc,21036,0,21036
"Murray, Patty",Verizon Communications,21427,15500,5927
"Murray, Patty",Bainbridge Performing Arts,23405,0,23405
"Murray, Patty",National Assn of Broadcasters,21500,21500,0
"Murray, Patty",Peter G Peterson Foundation,21700,0,21700
"Murray, Patty",Covington & Burling,20932,10999,9933
"Murray, Patty",Pharmaceutical Research & Manufacturers Of America,22000,15000,7000
"Murray, Patty",Saltchuk Resources,22050,5500,16550
"Murray, Patty","City of Seattle, WA",22313,0,22313
"Murray, Patty",Gilead Sciences,22500,17500,5000
"Murray, Patty",Lockheed Martin,22515,22000,515
"Murray, Patty",T-Mobile USA,22958,22000,958
"Murray, Patty",Bergman Draper Oslund,23050,0,23050
"Murray, Patty",RTX Corp,23239,22500,739
"Murray, Patty",DreamWorks SKG,21600,0,21600
"Murray, Patty",National Football League,21000,20000,1000
"Murray, Patty",Novo Nordisk,24236,24236,0
"Murray, Patty",National Air Traffic Controllers Assn,29000,29000,0
"Murray, Patty",Air Line Pilots Assn,39510,39500,10
"Murray, Patty",United Airlines,39830,13000,26830
"Murray, Patty",Merck & Co,40010,35000,5010
"Murray, Patty",Union Pacific Corp,40093,40000,93
"Murray, Patty",National Assn of Realtors,40500,39250,1250
"Murray, Patty",Abbott Laboratories,40538,40500,38
"Murray, Patty",Pacific Bioscience Labs,41200,0,41200
"Murray, Patty",Woodbranch Investments,41500,0,41500
"Murray, Patty",JPMorgan Chase & Co,42731,25000,17731
"Murray, Patty",Pfizer Inc,46513,41000,5513
"Murray, Patty",State of Washington,39167,0,39167
"Murray, Patty",K&L Gates,48797,10000,38797
"Murray, Patty",Comcast Corp,49515,35000,14515
"Murray, Patty",Berkshire Hathaway,65144,30000,35144
"Murray, Patty",Amgen Inc,68970,37500,31470
"Murray, Patty",Boeing Co,70012,15000,55012
"Murray, Patty",League of Conservation Voters,72361,17168,55193
"Murray, Patty",Amazon.com,85835,18000,67835
"Murray, Patty",Emily's List,91104,5000,86104
"Murray, Patty",Blue Cross/Blue Shield,98214,68500,29714
"Murray, Patty",University of Washington,141269,0,141269
"Murray, Patty",Microsoft Corp,142465,30000,112465
"Murray, Patty",Deloitte LLP,49371,37500,11871
"Murray, Patty",Honeywell International,38159,38000,159
"Murray, Patty",Juno Therapeutics,28887,22000,6887
"Murray, Patty",Eli Lilly & Co,30150,20000,10150
"Murray, Patty",Plumbers/Pipefitters Union,29030,29000,30
"Murray, Patty",Operating Engineers Union,29378,29375,3
"Murray, Patty",Norfolk Southern,30000,30000,0
"Murray, Patty",National Beer Wholesalers Assn,30000,30000,0
"Murray, Patty",CSX Corp,30000,30000,0
"Murray, Patty",Delta Air Lines,30024,22500,7524
"Murray, Patty",Northrop Grumman,38000,38000,0
"Murray, Patty",Mortgage Bankers Assn,31000,31000,0
"Murray, Patty",Citigroup Inc,31465,9500,21965
"Murray, Patty",UnitedHealth Group,32222,15000,17222
"Murray, Patty",United Parcel Service,31776,31600,176
"Murray, Patty",International Assn of Fire Fighters,32500,32500,0
"Murray, Patty",NCTA The Internet & Television Assn,33000,27500,5500
"Murray, Patty",Carlyle Group,33500,17500,16000
"Murray, Patty",Weyerhaeuser Co,33828,9500,24328
"Murray, Patty",Bristol-Myers Squibb,33969,28500,5469
"Murray, Patty",AbbVie Inc,35265,35000,265
"Murray, Patty",Costco Wholesale,35281,0,35281
"Murray, Patty",National Education Assn,35299,33000,2299
"Murray, Patty",Dell Technologies,35347,3500,31847
"Murray, Patty",CVS Health,37589,36500,1089
"Murray, Patty",AECOM Global,32296,11500,20796
"Ossoff, Jon",Wells Fargo,95139,0,95139
"Ossoff, Jon",University of Michigan,93652,0,93652
"Ossoff, Jon",California State University,94548,0,94548
"Ossoff, Jon",Yale University,103454,0,103454
"Ossoff, Jon",University of California,739086,0,739086
"Ossoff, Jon",University of Pennsylvania,109219,0,109219
"Ossoff, Jon",University of Texas,110552,0,110552
"Ossoff, Jon",US Dept of Defense,111194,0,111194
"Ossoff, Jon",AT&T Inc,91042,0,91042
"Ossoff, Jon",National Amusements Inc,106326,0,106326
"Ossoff, Jon",University of Southern California,87639,0,87639
"Ossoff, Jon",Netflix Inc,74899,0,74899
"Ossoff, Jon",University of Maryland,86570,0,86570
"Ossoff, Jon",Johns Hopkins University,86455,0,86455
"Ossoff, Jon",Deloitte LLP,85596,0,85596
"Ossoff, Jon",Boeing Co,81150,0,81150
"Ossoff, Jon",Blue Cross/Blue Shield,80125,0,80125
"Ossoff, Jon",University of Georgia,79353,0,79353
"Ossoff, Jon",US Dept of Commerce,79119,0,79119
"Ossoff, Jon",US Dept of State,78542,0,78542
"Ossoff, Jon",Intel Corp,78528,0,78528
"Ossoff, Jon",City University of New York,111538,0,111538
"Ossoff, Jon",Wilmerhale Llp,87146,0,87146
"Ossoff, Jon",Massachusetts Institute of Technology,113984,0,113984
"Ossoff, Jon",US Dept of Health & Human Services,184188,0,184188
"Ossoff, Jon",New York University,118956,0,118956
"Ossoff, Jon",University of Chicago,74474,0,74474
"Ossoff, Jon",Apple Inc,378787,0,378787
"Ossoff, Jon",Amazon.com,357915,0,357915
"Ossoff, Jon",Meta,269578,0,269578
"Ossoff, Jon",US Government,244609,0,244609
"Ossoff, Jon",Kaiser Permanente,240184,0,240184
"Ossoff, Jon",Emory University,222186,0,222186
"Ossoff, Jon",Stanford University,221356,0,221356
"Ossoff, Jon",Walt Disney Co,211046,0,211046
"Ossoff, Jon",Harvard University,207872,0,207872
"Ossoff, Jon",Mass General Brigham,115235,0,115235
"Ossoff, Jon",State of California,197007,0,197007
"Ossoff, Jon",J Street,184734,759,183975
"Ossoff, Jon",IBM Corp,179486,0,179486
"Ossoff, Jon",University of Washington,153401,0,153401
"Ossoff, Jon","City of New York, NY",151374,0,151374
"Ossoff, Jon",Warner Brothers Discovery,150796,0,150796
"Ossoff, Jon",Columbia University,147851,0,147851
"Ossoff, Jon",Salesforce.Com,132794,0,132794
"Ossoff, Jon",Oracle Corp,132302,0,132302
"Ossoff, Jon",US Dept of Veterans Affairs,124114,0,124114
"Ossoff, Jon",Comcast Corp,121323,0,121323
"Ossoff, Jon",Democracy Engine,192792,0,192792
"Ossoff, Jon",Microsoft Corp,397769,0,397769
"Ossoff, Jon",JPMorgan Chase & Co,74424,0,74424
"Ossoff, Jon",University of Wisconsin,73731,0,73731
"Ossoff, Jon",Kirkland & Ellis,60647,0,60647
"Ossoff, Jon",Bank of America,60279,0,60279
"Ossoff, Jon","Los Angeles County, CA",60259,0,60259
"Ossoff, Jon",State of New York,59040,0,59040
"Ossoff, Jon",Lockheed Martin,58729,0,58729
"Ossoff, Jon","City & County of San Francisco, CA",58589,0,58589
"Ossoff, Jon",Roche Holdings,58056,0,58056
"Ossoff, Jon",Block Inc,58018,0,58018
"Ossoff, Jon","Simpson, Thacher & Bartlett",57437,0,57437
"Ossoff, Jon",Anywhere Real Estate,57318,0,57318
"Ossoff, Jon",Twitter,56914,0,56914
"Ossoff, Jon",Georgia State University,55818,0,55818
"Ossoff, Jon",Stripe Inc,54404,0,54404
"Ossoff, Jon",Boston University,53707,0,53707
"Ossoff, Jon",University of Pittsburgh,53447,0,53447
"Ossoff, Jon",Indiana University,52438,0,52438
"Ossoff, Jon",Ernst & Young,52311,0,52311
"Ossoff, Jon",Broadcom Inc,51388,0,51388
"Ossoff, Jon",Morgan Lewis Llp,51114,0,51114
"Ossoff, Jon",Alphabet Inc,1136947,0,1136947
"Ossoff, Jon",Cisco Systems,73993,0,73993
"Ossoff, Jon",Sidley Austin LLP,60836,0,60836
"Ossoff, Jon",US Environmental Protection Agency,61004,0,61004
"Ossoff, Jon",Morgan Stanley,57831,0,57831
"Ossoff, Jon",Duke University,62672,0,62672
"Ossoff, Jon",Georgetown University,62270,0,62270
"Ossoff, Jon",US Army,71400,0,71400
"Ossoff, Jon",University of Minnesota,70743,0,70743
"Ossoff, Jon",UnitedHealth Group,70694,0,70694
"Ossoff, Jon",US Navy,70378,0,70378
"Ossoff, Jon",Georgia Tech,69861,0,69861
"Ossoff, Jon",University of Colorado,69844,0,69844
"Ossoff, Jon",State University of New York,69362,0,69362
"Ossoff, Jon",Delta Air Lines,69215,0,69215
"Ossoff, Jon",Cornell University,69158,0,69158
"Ossoff, Jon",University of North Carolina,67146,0,67146
"Ossoff, Jon",University of Illinois,73703,0,73703
"Ossoff, Jon",NVIDIA Corp,65750,0,65750
"Ossoff, Jon",US Dept of Justice,66833,0,66833
"Ossoff, Jon",Rutgers University,63363,0,63363
"Ossoff, Jon",US Dept of Energy,64206,0,64206
"Ossoff, Jon",McKinsey & Co,64548,0,64548
"Ossoff, Jon",US Postal Service,64682,0,64682
"Ossoff, Jon",Sony Corp,63205,0,63205
"Ossoff, Jon",Adobe Inc,65258,0,65258
"Ossoff, Jon",Latham & Watkins,65365,0,65365
"Ossoff, Jon",Northwestern University,65574,0,65574
"Ossoff, Jon",Accenture,64729,0,64729
"Padilla, Alex",California Strategies,18000,0,18000
"Padilla, Alex",Anthropocene Institute,17400,0,17400
"Padilla, Alex","Quinn, Emanuel et al",17500,0,17500
"Padilla, Alex",Charter Communications,17500,17500,0
"Padilla, Alex",Wonderful Co,17650,0,17650
"Padilla, Alex",BearStar Strategies,17700,0,17700
"Padilla, Alex",Gilbert & Jacki Cisneros Foundation,17400,0,17400
"Padilla, Alex",America's Credit Unions,17850,15000,2850
"Padilla, Alex",HP Inc,17950,0,17950
"Padilla, Alex",Royal Business Bank,18200,0,18200
"Padilla, Alex",Professional Engineers in California Government,20000,20000,0
"Padilla, Alex",Pechanga Band of Luiseno Mission Indians,19000,0,19000
"Padilla, Alex",Latham & Watkins,19500,0,19500
"Padilla, Alex",Wine Institute,20000,20000,0
"Padilla, Alex",Purpose PAC,20000,20000,0
"Padilla, Alex",Prairie PAC,20000,20000,0
"Padilla, Alex",International Assn of Fire Fighters,20000,20000,0
"Padilla, Alex",Impact (Schumer),20000,20000,0
"Padilla, Alex",HDR Inc,20000,20000,0
"Padilla, Alex",General Motors,20000,20000,0
"Padilla, Alex",Kindbody,17400,0,17400
"Padilla, Alex",Bloom Energy,18300,10800,7500
"Padilla, Alex",Manpowergroup,17400,0,17400
"Padilla, Alex",Air Line Pilots Assn,20000,20000,0
"Padilla, Alex",Quotidian Gallery,17200,0,17200
"Padilla, Alex",Forward Together PAC,15000,15000,0
"Padilla, Alex",Carpenters & Joiners Union,15000,15000,0
"Padilla, Alex",California Westside Farmers Inc,15000,15000,0
"Padilla, Alex",American Council of Engineering Cos,15000,15000,0
"Padilla, Alex",United Food & Commercial Workers Union,15500,15000,500
"Padilla, Alex",Doordash Inc,15500,2900,12600
"Padilla, Alex",Power Rogers Llp,15600,0,15600
"Padilla, Alex",Yin McDonald'S,15800,0,15800
"Padilla, Alex",Shingle Springs Band of Miwok Indians,15800,0,15800
"Padilla, Alex",Flex Logix Technologies,15800,0,15800
"Padilla, Alex",Shorenstein,17400,0,17400
"Padilla, Alex",Holland & Knight,16000,1500,14500
"Padilla, Alex","Glaser, Weil et al",16200,0,16200
"Padilla, Alex",Stanford University,16300,0,16300
"Padilla, Alex",Universal Music Group,16500,5000,11500
"Padilla, Alex",Susman Godfrey Llp,16500,0,16500
"Padilla, Alex",Santa Ynez Band of Chumash Indians,16500,0,16500
"Padilla, Alex",Federated Indians of Graton Rancheria,16600,0,16600
"Padilla, Alex",Clinton Reilly Holdings,16600,0,16600
"Padilla, Alex",Cherokee Nation,16600,0,16600
"Padilla, Alex",University of Southern California,17000,0,17000
"Padilla, Alex",Apollo Global Management,17032,6000,11032
"Padilla, Alex","Gibson, Dunn & Crutcher",16050,0,16050
"Padilla, Alex",Manzanita Capital,20300,0,20300
"Padilla, Alex",Greenberg Traurig LLP,27550,10000,17550
"Padilla, Alex","Akin, Gump et al",20350,2500,17850
"Padilla, Alex",Capitol Advocacy,28500,0,28500
"Padilla, Alex",Advanced Nutrients,29000,0,29000
"Padilla, Alex",Masimo Corp,29834,5634,24200
"Padilla, Alex",Kaiser Permanente,30661,0,30661
"Padilla, Alex",Airbnb Inc,30700,2500,28200
"Padilla, Alex",Alphabet Inc,31175,9500,21675
"Padilla, Alex",Harbor Freight Tools,32900,0,32900
"Padilla, Alex",University of California,33448,0,33448
"Padilla, Alex",General Atomics,35403,15000,20403
"Padilla, Alex",State of California,35488,0,35488
"Padilla, Alex",Lyft Inc,28300,5000,23300
"Padilla, Alex",Blue Cross/Blue Shield,35650,17000,18650
"Padilla, Alex","Robbins, Geller et al",37950,0,37950
"Padilla, Alex","Dreyer, Babich et al",38700,0,38700
"Padilla, Alex",Sv Angel LLC,50600,0,50600
"Padilla, Alex",E&J Gallo Winery,60575,0,60575
"Padilla, Alex","Cotchett, Pitre & McCarthy",71950,0,71950
"Padilla, Alex",Edison International,90365,25000,65365
"Padilla, Alex",Comcast Corp,91225,20000,71225
"Padilla, Alex",Democracy Engine,122230,0,122230
"Padilla, Alex","Korshak, Kracoff et al",20300,0,20300
"Padilla, Alex",Hueston Hennigan Llp,135400,0,135400
"Padilla, Alex","Kleiner, Perkins et al",37600,0,37600
"Padilla, Alex",Live Nation Entertainment,28200,0,28200
"Padilla, Alex",Parkia Inc,34800,0,34800
"Padilla, Alex",O'Melveny & Myers,27375,5500,21875
"Padilla, Alex",Boundary Stone Partners,20500,0,20500
"Padilla, Alex",Motion Picture Assn,21000,10000,11000
"Padilla, Alex",Laborers Union,21000,20000,1000
"Padilla, Alex",Karla T Jurvetson MD,21600,0,21600
"Padilla, Alex",Barona Band of Mission Indians,21600,0,21600
"Padilla, Alex",National Assn of Realtors,22000,20000,2000
"Padilla, Alex",Georgetown University,22000,0,22000
"Padilla, Alex",Capital Group Companies,22300,10000,12300
"Padilla, Alex",Silver Lake Partners,22400,10000,12400
"Padilla, Alex",Qualcomm Inc,22500,10000,12500
"Padilla, Alex",Walt Disney Co,22532,2000,20532
"Padilla, Alex","Brownstein, Hyatt et al",22250,3000,19250
"Padilla, Alex",Lian Corp,23200,0,23200
"Padilla, Alex",Andell Holdings,23200,0,23200
"Padilla, Alex",Covington & Burling,23400,5000,18400
"Padilla, Alex",Omnicom Group,23550,0,23550
"Padilla, Alex",Anheuser-Busch,23600,22500,1100
"Padilla, Alex",Telacu,25050,0,25050
"Padilla, Alex",Operating Engineers Union,26000,26000,0
"Padilla, Alex",DLA Piper,26100,4500,21600
"Padilla, Alex",Pisces Inc,23200,0,23200
"Padilla, Alex",TelevisaUnivision,26400,2500,23900
"Padilla, Alex",AT&T Inc,27050,20000,7050
"Paul, Rand",Charah Inc,14500,0,14500
"Paul, Rand",DaVita Inc,14500,8000,6500
"Paul, Rand",Chelsea Management,14200,0,14200
"Paul, Rand",ICI Homes,14000,0,14000
"Paul, Rand",RB Murphy & Assoc,13300,0,13300
"Paul, Rand",Papercone Corp,13600,0,13600
"Paul, Rand",Scott & Ritter,13400,0,13400
"Paul, Rand",Vi-Jon Laboratories,15000,0,15000
"Paul, Rand",Picoco LLC,13200,0,13200
"Paul, Rand",Chandler Management,13700,0,13700
"Paul, Rand",Founders Fund,15000,0,15000
"Paul, Rand",Manchester Financial Group,17200,0,17200
"Paul, Rand",Downey & Cleveland,15600,0,15600
"Paul, Rand",Cory M Dean LLC,15600,0,15600
"Paul, Rand",Amazon.com,15700,2500,13200
"Paul, Rand",AVG Advanced Technologies,15800,0,15800
"Paul, Rand",Latham & Watkins,16300,0,16300
"Paul, Rand",McKinley Assoc,16600,0,16600
"Paul, Rand",Eb5 Investors Magazine,16790,0,16790
"Paul, Rand",Xlp Corp,16900,0,16900
"Paul, Rand",Research Affiliates LLC,17500,0,17500
"Paul, Rand",Bukowsky Law Firm,13100,0,13100
"Paul, Rand",Um Holdings,15600,0,15600
"Paul, Rand",Centerview Partners,13100,0,13100
"Paul, Rand",Club for Growth,77630,0,77630
"Paul, Rand",Northwestern Mutual,12950,5000,7950
"Paul, Rand",Huffines Communities,87800,0,87800
"Paul, Rand",FMR Corp,18000,18000,0
"Paul, Rand",Westgate Resorts Ltd,10600,0,10600
"Paul, Rand",Rare Antibody Antigen Supply,10600,0,10600
"Paul, Rand",Worldly Cfo,10800,0,10800
"Paul, Rand",Overstock.Com,10800,0,10800
"Paul, Rand",National Beer Wholesalers Assn,11000,11000,0
"Paul, Rand",Wcfs Inc,11200,0,11200
"Paul, Rand",Analytical Systems International,11900,0,11900
"Paul, Rand",National Pro-Life Alliance,12000,12000,0
"Paul, Rand",Agentis Management,13025,0,13025
"Paul, Rand",American Academy of Ophthalmology,12000,12000,0
"Paul, Rand",Zuma Capital,12275,0,12275
"Paul, Rand",Humana Inc,12451,10000,2451
"Paul, Rand",Deloitte LLP,12500,12500,0
"Paul, Rand",Charter Communications,12500,12500,0
"Paul, Rand",Young Americans for Liberty,12620,12420,200
"Paul, Rand",Marquette Transportation,12620,0,12620
"Paul, Rand",Tennessee Industrial Electronics,12800,0,12800
"Paul, Rand",Deason Capital Services,12800,0,12800
"Paul, Rand",University of Kentucky,12805,0,12805
"Paul, Rand",Ingalls & Snyder,12900,0,12900
"Paul, Rand",Pfizer Inc,12210,11000,1210
"Paul, Rand",Carlyle Group,18225,0,18225
"Paul, Rand",Wall Street Journal,10600,0,10600
"Paul, Rand",Verizon Communications,18525,18000,525
"Paul, Rand",Galileo Global Advisors,25900,0,25900
"Paul, Rand",Humphreys & Partners Architects,26250,0,26250
"Paul, Rand",Altria Group,26500,26000,500
"Paul, Rand",Vibrant Technologies,29418,0,29418
"Paul, Rand",American Soc Cataract/Refractive Surgery,30000,30000,0
"Paul, Rand",Sara Story Design,30600,0,30600
"Paul, Rand",United Parcel Service,30848,30000,848
"Paul, Rand",TAMKO Building Products,31800,0,31800
"Paul, Rand",Golden Age Farm,31800,0,31800
"Paul, Rand",Herring Networks,32200,0,32200
"Paul, Rand",Phonoscope Communications,32300,0,32300
"Paul, Rand",Morning Star Co,34200,0,34200
"Paul, Rand",America's Credit Unions,35000,32500,2500
"Paul, Rand",LHC Group,37650,0,37650
"Paul, Rand",Brown-Forman Corp,39100,14000,25100
"Paul, Rand",Curves International,40800,0,40800
"Paul, Rand",Pivotal Group,40998,0,40998
"Paul, Rand",Susquehanna International Group,41200,0,41200
"Paul, Rand",Forcht Group of Kentucky,45450,0,45450
"Paul, Rand",RagingWire Enterprise Solutions,45975,0,45975
"Paul, Rand",Avenue Ventures,10400,0,10400
"Paul, Rand",Michigan Cat,25800,0,25800
"Paul, Rand",Nevada Retina Assoc,25400,0,25400
"Paul, Rand",AT&T Inc,49750,48000,1750
"Paul, Rand",Mason Capital Management,25000,0,25000
"Paul, Rand",CD Norberg & Assoc,25000,0,25000
"Paul, Rand",Impala Asset Management,18600,0,18600
"Paul, Rand",Toyota Motor North America,19500,19500,0
"Paul, Rand",Pikeville Medical Center,19500,0,19500
"Paul, Rand",Earth Materials Holdings,20000,0,20000
"Paul, Rand",National Assn for Gun Rights,20353,17908,2445
"Paul, Rand",R&S Northeast LLC,20400,0,20400
"Paul, Rand",Orchard Global Asset Management,20400,0,20400
"Paul, Rand",Entertrainment Junction,20400,0,20400
"Paul, Rand",Comcast Corp,20500,20000,500
"Paul, Rand",Cato Institute,20600,0,20600
"Paul, Rand",Duke & Duke,18300,0,18300
"Paul, Rand",Q Sushi,21200,0,21200
"Paul, Rand",Google Inc,24750,22500,2250
"Paul, Rand",Amgen Inc,24100,15500,8600
"Paul, Rand",College Loan Corp,23500,0,23500
"Paul, Rand",Conair Corp,20800,0,20800
"Paul, Rand",Khorus,24000,0,24000
"Paul, Rand",Sun Tan City,21600,0,21600
"Paul, Rand",Grubbs Nissan,21200,0,21200
"Paul, Rand",Harvey Gulf International Marine,21200,0,21200
"Paul, Rand",Hung Vu Auditor LLC,21200,0,21200
"Paul, Rand",Microsoft Corp,23340,19500,3840
"Peters, Gary",Form G Tech,62500,0,62500
"Peters, Gary",Delta Air Lines,61517,30000,31517
"Peters, Gary",IBM Corp,54419,0,54419
"Peters, Gary",Harvard University,61054,0,61054
"Peters, Gary",Visa Inc,59780,32000,27780
"Peters, Gary",Berkshire Hathaway,58045,28000,30045
"Peters, Gary",Cisco Systems,57911,11000,46911
"Peters, Gary",Deloitte LLP,57523,40000,17523
"Peters, Gary",Jackson National Life Insurance,55545,25000,30545
"Peters, Gary",Stanford University,53573,0,53573
"Peters, Gary",PricewaterhouseCoopers,49613,35000,14613
"Peters, Gary",America's Credit Unions,50933,44500,6433
"Peters, Gary",Pfizer Inc,50220,35000,15220
"Peters, Gary",US Government,67212,0,67212
"Peters, Gary",UBS AG,48533,40000,8533
"Peters, Gary",KPMG LLP,48525,40000,8525
"Peters, Gary",WilmerHale Llp,48428,0,48428
"Peters, Gary",Ernst & Young,47170,25000,22170
"Peters, Gary","Paul, Weiss et al",45224,0,45224
"Peters, Gary",Corewell Health,45034,0,45034
"Peters, Gary",Northrop Grumman,41744,37000,4744
"Peters, Gary",Honeywell International,41206,37500,3706
"Peters, Gary",Dow Inc,53447,17500,35947
"Peters, Gary",AT&T Inc,67597,20000,47597
"Peters, Gary",JPMorgan Chase & Co,80164,35000,45164
"Peters, Gary",Facebook Inc,74902,12500,62402
"Peters, Gary",Alphabet Inc,255498,25000,230498
"Peters, Gary",University of California,180369,0,180369
"Peters, Gary",Michigan State University,163007,0,163007
"Peters, Gary",National Multifamily Housing Council,40500,40000,500
"Peters, Gary",Goldman Sachs,160635,40000,120635
"Peters, Gary",General Dynamics,142534,37000,105534
"Peters, Gary",General Motors,134446,40000,94446
"Peters, Gary",Microsoft Corp,130781,24500,106281
"Peters, Gary",Ford Motor Co,129674,40000,89674
"Peters, Gary",Henry Ford Health System,118828,10000,108828
"Peters, Gary",Charter Communications,69799,40000,29799
"Peters, Gary",State of Michigan,116146,0,116146
"Peters, Gary",Blue Cross/Blue Shield,103083,19000,84083
"Peters, Gary",Amazon.com,95458,15000,80458
"Peters, Gary",Capital Group Companies,88463,20000,68463
"Peters, Gary",Apple Inc,86693,0,86693
"Peters, Gary",Blackstone Group,84915,0,84915
"Peters, Gary",Wayne State University,84405,0,84405
"Peters, Gary",Comcast Corp,83424,40000,43424
"Peters, Gary",CMS Energy,81350,35000,46350
"Peters, Gary",DTE Energy,79323,40000,39323
"Peters, Gary",American Airlines Group,75664,21000,54664
"Peters, Gary",Democracy Engine,111192,0,111192
"Peters, Gary",Walt Disney Co,93525,8000,85525
"Peters, Gary",Council of Insurance Agents & Brokers,40000,40000,0
"Peters, Gary",International Brotherhood of Electrical Workers,39905,35000,4905
"Peters, Gary",Raytheon Technologies,33264,20000,13264
"Peters, Gary",UnitedHealth Group,33163,21000,12163
"Peters, Gary",Abbott Laboratories,32928,30000,2928
"Peters, Gary",Humana Inc,32646,30000,2646
"Peters, Gary",Poet LLC,32508,27500,5008
"Peters, Gary",US Dept of Veterans Affairs,32159,0,32159
"Peters, Gary",Route One Investment,31800,0,31800
"Peters, Gary",Rock Holdings,31795,25000,6795
"Peters, Gary",Merck & Co,31349,24000,7349
"Peters, Gary",Massachusetts Mutual Life Insurance,31347,20000,11347
"Peters, Gary",Morgan Stanley,31219,10000,21219
"Peters, Gary",Dykema Gossett,31194,19000,12194
"Peters, Gary",Central Michigan University,31162,0,31162
"Peters, Gary",Boeing Co,30853,17500,13353
"Peters, Gary",National Assn of Broadcasters,30788,25000,5788
"Peters, Gary",Motley Rice LLC,30592,0,30592
"Peters, Gary",New York University,30488,0,30488
"Peters, Gary",VoteVets.org,30012,30000,12
"Peters, Gary",National Beer Wholesalers Assn,30000,30000,0
"Peters, Gary",Greenberg Traurig LLP,29908,9999,19909
"Peters, Gary",Air Line Pilots Assn,40224,40000,224
"Peters, Gary",Match-E-Be-Nash-She-Wish Band Pottawatomi Indians,33400,0,33400
"Peters, Gary",Cox Enterprises,33676,11000,22676
"Peters, Gary",University of Michigan,594732,0,594732
"Peters, Gary",American Bankers Assn,33842,31000,2842
"Peters, Gary",Honigman LLP,33738,0,33738
"Peters, Gary",Kaiser Permanente,39426,0,39426
"Peters, Gary",State of California,39182,0,39182
"Peters, Gary",American Institute of CPAs,38500,38500,0
"Peters, Gary",Bank of America,38263,20000,18263
"Peters, Gary",Western Michigan University,38189,0,38189
"Peters, Gary",Renaissance Technologies,38103,0,38103
"Peters, Gary",Kirkland & Ellis,37977,0,37977
"Peters, Gary","City of New York, NY",37778,0,37778
"Peters, Gary",Oracle Corp,37650,1000,36650
"Peters, Gary",American Hospital Assn,37318,25999,11319
"Peters, Gary",Verizon Communications,39868,22000,17868
"Peters, Gary",Centene Corp,37100,10000,27100
"Peters, Gary",DE Shaw & Co,37030,0,37030
"Peters, Gary",Intel Corp,36898,15500,21398
"Peters, Gary",FedEx Corp,36721,33000,3721
"Peters, Gary",Mortgage Bankers Assn,36501,36000,501
"Peters, Gary",Columbia University,35960,0,35960
"Peters, Gary",Wells Fargo,35807,15000,20807
"Peters, Gary",Home Depot,35428,27500,7928
"Peters, Gary",Investment Co Institute,35000,35000,0
"Peters, Gary",United Parcel Service,33851,30000,3851
"Peters, Gary",New York Life Insurance,37256,35000,2256
"Portman, Rob",Joseph Auto Group,48900,0,48900
"Portman, Rob",Frost Brown Todd Llc,49735,0,49735
"Portman, Rob",Hunt Development,49800,0,49800
"Portman, Rob",General Motors,51120,40000,11120
"Portman, Rob",Eli Lilly & Co,50600,23000,27600
"Portman, Rob",CVS Health,50850,40000,10850
"Portman, Rob",Standard Textile,51098,0,51098
"Portman, Rob",RTX Corp,52410,41000,11410
"Portman, Rob",Huntington Bancshares,50100,41000,9100
"Portman, Rob",Fifth Third Bancorp,47900,9000,38900
"Portman, Rob",National Republican Senatorial Cmte,46800,46800,0
"Portman, Rob",UnitedHealth Group,47200,37500,9700
"Portman, Rob",Morgan Stanley,47075,16000,31075
"Portman, Rob",Cisco Systems,46975,12500,34475
"Portman, Rob",Abbott Laboratories,46400,39500,6900
"Portman, Rob",Squire Patton Boggs,45350,16000,29350
"Portman, Rob","Welsh, Carson et al",45000,0,45000
"Portman, Rob",Rpm International,44400,5000,39400
"Portman, Rob",Northwestern Mutual,44300,24000,20300
"Portman, Rob",Cleveland-Cliffs,53650,42000,11650
"Portman, Rob",Clearpath Foundation,44200,0,44200
"Portman, Rob",Travelers Companies,47500,33000,14500
"Portman, Rob",General Dynamics,53815,44500,9315
"Portman, Rob",Sullivan & Cromwell,71850,0,71850
"Portman, Rob",Exelon Corp,58450,45000,13450
"Portman, Rob",Capital Group Companies,114700,26500,88200
"Portman, Rob",USAA,44000,25000,19000
"Portman, Rob",Fidelity Investments,97900,36500,61400
"Portman, Rob",Procter & Gamble,95285,9500,85785
"Portman, Rob",JPMorgan Chase & Co,92830,14000,78830
"Portman, Rob",General Electric,88750,19000,69750
"Portman, Rob",Home Depot,87824,35000,52824
"Portman, Rob",Nationwide,87320,42000,45320
"Portman, Rob",BlackRock Inc,78375,19000,59375
"Portman, Rob",Cardinal Health,78365,35000,43365
"Portman, Rob",MetLife Inc,76600,28000,48600
"Portman, Rob",Blackstone Group,75125,2500,72625
"Portman, Rob",Pfizer Inc,64500,33000,31500
"Portman, Rob",Blue Cross/Blue Shield,64010,59000,5010
"Portman, Rob",Verizon Communications,63600,35000,28600
"Portman, Rob",MacAndrews & Forbes,62557,29557,33000
"Portman, Rob",Berkshire Hathaway,62550,35200,27350
"Portman, Rob",Deloitte LLP,62410,39000,23410
"Portman, Rob",Apple Inc,61010,0,61010
"Portman, Rob",Ernst & Young,60550,9500,51050
"Portman, Rob",Ford Motor Co,58650,34000,24650
"Portman, Rob",FedEx Corp,54920,36000,18920
"Portman, Rob",Marathon Petroleum,119245,45000,74245
"Portman, Rob",AT&T Inc,43955,38500,5455
"Portman, Rob",Cox Enterprises,43750,28000,15750
"Portman, Rob",Sherwin-Williams Co,39903,0,39903
"Portman, Rob",National Assn of Realtors,39500,39000,500
"Portman, Rob",Union Pacific Corp,39500,36000,3500
"Portman, Rob",Hewlett Packard Enterprise,39000,39000,0
"Portman, Rob","Keating, Muething & Klekamp",38800,5000,33800
"Portman, Rob",Carlyle Group,38400,0,38400
"Portman, Rob",L Brands,38050,10000,28050
"Portman, Rob",Wells Fargo,37935,12500,25435
"Portman, Rob",Southern Co,37525,37500,25
"Portman, Rob",AFLAC Inc,37500,37500,0
"Portman, Rob",National Multifamily Housing Council,40000,40000,0
"Portman, Rob",Eastman Chemical,37500,37500,0
"Portman, Rob","Akin, Gump et al",37460,12500,24960
"Portman, Rob",alliantgroup,36900,0,36900
"Portman, Rob",Dominion Energy,36500,34000,2500
"Portman, Rob",Urology Group,36400,0,36400
"Portman, Rob",Northrop Grumman,36290,33500,2790
"Portman, Rob",National Rural Electric Cooperative Assn,36000,36000,0
"Portman, Rob","Vorys, Sater et al",35975,7000,28975
"Portman, Rob",Jones Day,35224,0,35224
"Portman, Rob",Goldman Sachs,177975,22000,155975
"Portman, Rob",Votesane PAC,123900,0,123900
"Portman, Rob",National Assn of Real Estate Investment Trusts,37500,37500,0
"Portman, Rob",Amgen Inc,43950,28500,15450
"Portman, Rob",Honeywell International,40000,35000,5000
"Portman, Rob",Comcast Corp,40100,38000,2100
"Portman, Rob",Elliott Management,43700,0,43700
"Portman, Rob",Air Line Pilots Assn,43500,43500,0
"Portman, Rob",North American Properties,43433,0,43433
"Portman, Rob",Timken Co,43355,7500,35855
"Portman, Rob",Google Inc,43200,27500,15700
"Portman, Rob",NextEra Energy,43000,34000,9000
"Portman, Rob",Duke Energy,42900,31500,11400
"Portman, Rob",River Trading,42900,0,42900
"Portman, Rob",International Paper,42510,38000,4510
"Portman, Rob",MasterCard Inc,42200,10000,32200
"Portman, Rob",Automotive Free International Trade PAC,40000,40000,0
"Portman, Rob",CSX Corp,42005,29500,12505
"Portman, Rob",Pinnacle West Capital,41800,31000,10800
"Portman, Rob",PricewaterhouseCoopers,41800,25500,16300
"Portman, Rob",United Parcel Service,41755,37000,4755
"Portman, Rob",Bechtel Group,41700,10000,31700
"Portman, Rob",Prudential Financial,41600,17500,24100
"Portman, Rob",State Street Corp,41500,11500,30000
"Portman, Rob",Leach Capital,41000,0,41000
"Portman, Rob","Calfee, Halter & Griswold",40600,2750,37850
"Portman, Rob",Whirlpool Corp,40415,21000,19415
"Portman, Rob",Bank of America,40250,10000,30250
"Portman, Rob",NVR Inc,42000,0,42000
"Portman, Rob",American Financial Group,126700,0,126700
"Reed, Jack",National Apartment Assn,17500,17500,0
"Reed, Jack",RTX Corp,53750,46500,7250
"Reed, Jack",Venable LLP,13750,2500,11250
"Reed, Jack",New York Life Insurance,14000,14000,0
"Reed, Jack","Kramer, Levin et al",14000,0,14000
"Reed, Jack",Council of Insurance Agents & Brokers,14500,14500,0
"Reed, Jack",Bricklayers Union,14500,14500,0
"Reed, Jack",USAA,15000,15000,0
"Reed, Jack",Transport Workers Union,15000,15000,0
"Reed, Jack",National Beer Wholesalers Assn,15000,15000,0
"Reed, Jack",National Assn of Letter Carriers,15000,15000,0
"Reed, Jack",Microsoft Corp,13600,13500,100
"Reed, Jack",Ironworkers Union,15000,15000,0
"Reed, Jack",Amalgamated Transit Union,15000,15000,0
"Reed, Jack",American Federation of Government Employees,15500,15500,0
"Reed, Jack",AT&T Inc,15507,15500,7
"Reed, Jack",AFLAC Inc,15600,10000,5600
"Reed, Jack",Motorola Solutions,16000,16000,0
"Reed, Jack",Greenberg Traurig LLP,16400,5000,11400
"Reed, Jack",Leonardo DRS,16500,16500,0
"Reed, Jack",American College of Emergency Physicians,16500,16500,0
"Reed, Jack",Fluor Corp,17000,17000,0
"Reed, Jack",Home Depot,15000,15000,0
"Reed, Jack",Air Line Pilots Assn,13500,13500,0
"Reed, Jack",Painters & Allied Trades Union,13500,13500,0
"Reed, Jack",Arnold & Porter Kaye Scholer,12750,5000,7750
"Reed, Jack",Investment Co Institute,11000,11000,0
"Reed, Jack",Innovative Defense Technologies,11000,0,11000
"Reed, Jack",Depository Trust & Clearing Corp,11000,11000,0
"Reed, Jack",Cubic Corp,11000,11000,0
"Reed, Jack",Teamsters Union,11010,10000,1010
"Reed, Jack",Lyft Inc,11200,0,11200
"Reed, Jack",Democracy Engine,11200,0,11200
"Reed, Jack",Belvoir Properties,11200,0,11200
"Reed, Jack",Cumberland Farms,11300,10300,1000
"Reed, Jack",Amica Mutual Insurance,11300,10800,500
"Reed, Jack",Public Strategies Washington,11500,0,11500
"Reed, Jack",National Education Assn,11500,10000,1500
"Reed, Jack",BWX Technologies,11500,11500,0
"Reed, Jack",Oshkosh Corp,11568,10000,1568
"Reed, Jack",American Seniors Housing Assn,12000,12000,0
"Reed, Jack",American Property Casualty Insurance Assn,12000,12000,0
"Reed, Jack",AECOM Global,12000,7500,4500
"Reed, Jack",VoteVets.org,12500,12500,0
"Reed, Jack",Real Estate Roundtable,12500,12500,0
"Reed, Jack",Massachusetts Mutual Life Insurance,12500,12500,0
"Reed, Jack",JPMorgan Chase & Co,12600,7000,5600
"Reed, Jack",United Launch Alliance,17100,0,17100
"Reed, Jack",Service Employees International Union,17500,10000,7500
"Reed, Jack",National Assn of Home Builders,17500,17500,0
"Reed, Jack",International Assn of Fire Fighters,17500,17500,0
"Reed, Jack",Berkshire Hathaway,30006,30000,6
"Reed, Jack",Textron Inc,31000,27500,3500
"Reed, Jack",Leidos Inc,34000,32500,1500
"Reed, Jack",Aloha Partners,34100,0,34100
"Reed, Jack",National Air Traffic Controllers Assn,37000,37000,0
"Reed, Jack",SAIC,37025,36500,525
"Reed, Jack",UBS Americas,40000,40000,0
"Reed, Jack",Norfolk Southern,40000,40000,0
"Reed, Jack",National Multifamily Housing Council,40000,40000,0
"Reed, Jack",National Assn of Realtors,40000,40000,0
"Reed, Jack",Mortgage Bankers Assn,40000,40000,0
"Reed, Jack",Huntington Ingalls Industries,40000,40000,0
"Reed, Jack",Honeywell International,40000,40000,0
"Reed, Jack",BAE Systems,40001,40000,1
"Reed, Jack",Boeing Co,40051,40000,51
"Reed, Jack",General Atomics,41150,27500,13650
"Reed, Jack",Amgen Inc,42800,40000,2800
"Reed, Jack",Northrop Grumman,43250,40500,2750
"Reed, Jack",CVS Health,46000,40000,6000
"Reed, Jack",Lockheed Martin,95300,40000,55300
"Reed, Jack",General Dynamics,133875,40000,93875
"Reed, Jack",DynCorp International,29000,29000,0
"Reed, Jack",Kratos Defense & Security Solutions,11000,10000,1000
"Reed, Jack",International Brotherhood of Electrical Workers,28500,28500,0
"Reed, Jack",Comcast Corp,27601,21000,6601
"Reed, Jack",Deloitte LLP,17503,17500,3
"Reed, Jack",Cox Enterprises,18500,18500,0
"Reed, Jack",SpaceX,18800,16000,2800
"Reed, Jack",Punaro Group,18800,0,18800
"Reed, Jack",CSX Corp,20000,20000,0
"Reed, Jack",Century 21 Department Stores,20000,0,20000
"Reed, Jack",Amazon.com,20000,20000,0
"Reed, Jack",Dahlberg Strategic,20500,0,20500
"Reed, Jack",Dimeo Construction,20550,0,20550
"Reed, Jack",Raytheon Technologies,20710,17000,3710
"Reed, Jack",Holland & Knight,21500,20000,1500
"Reed, Jack",Sierra Nevada Corp,22500,13500,9000
"Reed, Jack",Bank of America,23795,22000,1795
"Reed, Jack",Citizens Financial Group,24063,13500,10563
"Reed, Jack",Union Pacific Corp,25000,25000,0
"Reed, Jack",Operating Engineers Union,25000,25000,0
"Reed, Jack",National Assn of Real Estate Investment Trusts,25000,25000,0
"Reed, Jack",American Academy of Dermatology Assn,25000,25000,0
"Reed, Jack",Laborers Union,25350,25000,350
"Reed, Jack",General Motors,26000,26000,0
"Reed, Jack",America's Credit Unions,26000,26000,0
"Reed, Jack",Walt Disney Co,28491,5000,23491
"Reed, Jack",Apollo Global Management,10900,0,10900
"Reed, Jack",L3Harris Technologies,68625,29000,39625
"Risch, James E",National Beer Wholesalers Assn,12500,12500,0
"Risch, James E",Denali Leadership PAC,10000,10000,0
"Risch, James E",Defend America PAC,10000,10000,0
"Risch, James E",Covington & Burling,10000,10000,0
"Risch, James E",Common Values PAC,10000,10000,0
"Risch, James E",Bluegrass Cmte,10000,10000,0
"Risch, James E",Automotive Free International Trade PAC,10000,10000,0
"Risch, James E",American Crystal Sugar,10000,10000,0
"Risch, James E",Alamo PAC,10000,10000,0
"Risch, James E",21st Century Majority Fund,10000,10000,0
"Risch, James E",Dirigo PAC,10000,10000,0
"Risch, James E",Exxon Mobil,10002,10000,2
"Risch, James E",Independent Community Bankers of America,10500,10500,0
"Risch, James E",Citigroup Inc,10500,10500,0
"Risch, James E",Civic Service Inc,10600,0,10600
"Risch, James E",Vista Outdoor,11000,11000,0
"Risch, James E",National Assn of Realtors,11000,11000,0
"Risch, James E",National Assn of Real Estate Investment Trusts,11000,11000,0
"Risch, James E",Microsoft Corp,11000,11000,0
"Risch, James E",Credit Union National Assn,11000,11000,0
"Risch, James E",Blue Cross/Blue Shield,11000,9000,2000
"Risch, James E",National Air Traffic Controllers Assn,10500,10500,0
"Risch, James E",Ernst & Young,10000,10000,0
"Risch, James E",Freedom Fund,10000,10000,0
"Risch, James E",Fund for a Conservative Future,10000,10000,0
"Risch, James E",True North PAC,10000,10000,0
"Risch, James E",Tomorrow Is Meaningful,10000,10000,0
"Risch, James E",Senate Victory Fund,10000,10000,0
"Risch, James E",Responsibility & Freedom Work PAC,10000,10000,0
"Risch, James E",Republican Majority Fund,10000,10000,0
"Risch, James E",Republican Jewish Coalition,10000,10000,0
"Risch, James E",Rely on Your Beliefs,10000,10000,0
"Risch, James E",Reclaim America PAC,10000,10000,0
"Risch, James E",Project West PAC,10000,10000,0
"Risch, James E",Pelican PAC,10000,10000,0
"Risch, James E",Oorah! PAC,10000,10000,0
"Risch, James E",One Georgia PAC,10000,10000,0
"Risch, James E",Next Century Fund,10000,10000,0
"Risch, James E",Nebraska Sandhills PAC,10000,10000,0
"Risch, James E",National Auto Dealers Assn,10000,10000,0
"Risch, James E",MARSHA PAC,10000,10000,0
"Risch, James E","Jobs, Opportunity & New Ideas PAC",10000,10000,0
"Risch, James E",Hoosier PAC (Braun),10000,10000,0
"Risch, James E",Heartland Values PAC,10000,10000,0
"Risch, James E",Halliburton Co,10000,10000,0
"Risch, James E",Fund for America's Future,10000,10000,0
"Risch, James E",Blackstone Group,11200,0,11200
"Risch, James E",AVG Advanced Technologies,11200,0,11200
"Risch, James E",Small Business Investor Alliance,12500,12500,0
"Risch, James E",National Assn of Home Builders,12500,12500,0
"Risch, James E",FedEx Corp,18250,18000,250
"Risch, James E",Google Inc,19000,19000,0
"Risch, James E",Kayla's List,19300,19300,0
"Risch, James E",Raytheon Co,20000,20000,0
"Risch, James E",Micron Technology,20000,20000,0
"Risch, James E",Koch Industries,20000,20000,0
"Risch, James E",Koch Inc,20000,20000,0
"Risch, James E",Comcast Corp,20000,20000,0
"Risch, James E",General Dynamics,20025,20000,25
"Risch, James E",Union Pacific Corp,22500,22500,0
"Risch, James E",Home Depot,22510,22500,10
"Risch, James E",Apollo Global Management,24400,0,24400
"Risch, James E",Northrop Grumman,25005,25000,5
"Risch, James E",Southern Co,30015,30000,15
"Risch, James E",Sinclair Companies,34700,0,34700
"Risch, James E",National Republican Senatorial Cmte,35000,35000,0
"Risch, James E",Berkshire Hathaway,35000,35000,0
"Risch, James E",Lockheed Martin,35055,35000,55
"Risch, James E",General Atomics,43600,23000,20600
"Risch, James E",Hewlett Packard Enterprise,46500,40000,6500
"Risch, James E",Delta Air Lines,49225,25000,24225
"Risch, James E",Goldman Sachs,17900,0,17900
"Risch, James E",HP Inc,9050,9000,50
"Risch, James E",Honeywell International,17600,17500,100
"Risch, James E",Idaho Power,17000,15000,2000
"Risch, James E",Marathon Petroleum,12500,12500,0
"Risch, James E",Enterprise Holdings,12500,12500,0
"Risch, James E",Edison Electric Institute,12500,10500,2000
"Risch, James E",American Institute of CPAs,12500,12500,0
"Risch, James E",American Bankers Assn,12525,12500,25
"Risch, James E",Wolfson Group,12600,0,12600
"Risch, James E",Boeing Co,12600,12500,100
"Risch, James E",Raytheon Technologies,13000,13000,0
"Risch, James E",Visa Inc,13500,13500,0
"Risch, James E",BWX Technologies,13500,13500,0
"Risch, James E",Bridgewater Assoc,14000,0,14000
"Risch, James E",BGR Group,14000,0,14000
"Risch, James E",Deloitte LLP,15025,15000,25
"Risch, James E",Chevron Corp,15505,15500,5
"Risch, James E",1st Financial Bank USA,15800,0,15800
"Risch, James E",PotlatchDeltic Corp,16000,9000,7000
"Risch, James E",Intel Corp,16025,16000,25
"Risch, James E",Capital Group Companies,16500,0,16500
"Risch, James E",Idaho Forest Group,16800,0,16800
"Risch, James E",Hunt Consolidated,16800,0,16800
"Risch, James E",Pinnacle West Capital,17000,17000,0
"Risch, James E",Seacoast Commerce Bank,17600,0,17600
"Risch, James E",American Lighting Assn,9998,9998,0
"Risch, James E",UBS Americas,10000,10000,0
"Risch, James E",National Shooting Sports Foundation,9500,9500,0
"Romney, Mitt",Fayez Sarofim & Co,10800,0,10800
"Romney, Mitt",Clarke Capital Partners,10800,0,10800
"Romney, Mitt",Bluff Point Assoc,10800,0,10800
"Romney, Mitt",Axiom International Investors,10800,0,10800
"Romney, Mitt",Alticor Inc,10800,0,10800
"Romney, Mitt",Harvard University,10890,0,10890
"Romney, Mitt",FedEx Corp,11200,8500,2700
"Romney, Mitt",Maggie Sottero Designs,11400,0,11400
"Romney, Mitt",Related Companies,11600,0,11600
"Romney, Mitt",PricewaterhouseCoopers,11700,0,11700
"Romney, Mitt","Goldberg, Lindsay & Co",10800,0,10800
"Romney, Mitt",TigerRisk Partners,12700,0,12700
"Romney, Mitt",Hudson Institute,12850,0,12850
"Romney, Mitt",Martin Selig Real Estate,13100,0,13100
"Romney, Mitt",CC Industries,13100,0,13100
"Romney, Mitt",GCP Capital Partners,13200,0,13200
"Romney, Mitt",Dentons,13310,2500,10810
"Romney, Mitt",Thomas H Lee Partners,13500,0,13500
"Romney, Mitt",Haebler Capital,13500,0,13500
"Romney, Mitt",Extra Space Storage,13500,0,13500
"Romney, Mitt",Crow Holdings,13500,0,13500
"Romney, Mitt",Mortgage Bankers Assn,15000,15000,0
"Romney, Mitt",Northrop Grumman,12825,10000,2825
"Romney, Mitt",LifePoint Health,15000,15000,0
"Romney, Mitt",Abbott Laboratories,10000,10000,0
"Romney, Mitt",Melaleuca Inc,10800,0,10800
"Romney, Mitt",American Express,10000,10000,0
"Romney, Mitt",American Physical Therapy Assn,10000,10000,0
"Romney, Mitt",UBS Americas,10250,10000,250
"Romney, Mitt",Medquest Pharmacy,10250,0,10250
"Romney, Mitt",Berkshire Hathaway,10250,10000,250
"Romney, Mitt",TA Assoc,10400,0,10400
"Romney, Mitt",Maximus Inc,10400,0,10400
"Romney, Mitt",Marcus G Faust PC,10400,0,10400
"Romney, Mitt",Investors Leasing Corp,10400,0,10400
"Romney, Mitt",Columbia University,10525,0,10525
"Romney, Mitt",Marcus Partners,10800,0,10800
"Romney, Mitt",Kara Ross New York,10600,0,10600
"Romney, Mitt",FE Richardson & Co,10600,0,10600
"Romney, Mitt",American Research Bureau,10600,0,10600
"Romney, Mitt",Prime Policy Group,10700,2500,8200
"Romney, Mitt",Yancey Brothers,10800,0,10800
"Romney, Mitt",Triple Creek Ranch,10800,0,10800
"Romney, Mitt",Traeger Grills,10800,0,10800
"Romney, Mitt",Suffolk Construction,10800,0,10800
"Romney, Mitt",Station Casinos,10800,0,10800
"Romney, Mitt",Patterson Companies,10800,0,10800
"Romney, Mitt",New Balance Athletics,10800,0,10800
"Romney, Mitt",Idg Capital,10600,0,10600
"Romney, Mitt",Hess Corp,10800,0,10800
"Romney, Mitt",Hanover Co,15000,0,15000
"Romney, Mitt",Blue Cross/Blue Shield,15010,15000,10
"Romney, Mitt",Keller Investment Properties,21200,0,21200
"Romney, Mitt",4Life Research,21200,0,21200
"Romney, Mitt",Tudor Investment,23200,0,23200
"Romney, Mitt",Tiger Management,23700,0,23700
"Romney, Mitt",Marriott International,23700,5000,18700
"Romney, Mitt",TPG Capital,24300,0,24300
"Romney, Mitt",Sun Capital Partners,24300,0,24300
"Romney, Mitt",Huntsman Corp,24300,0,24300
"Romney, Mitt",Northern Virginia Technology Council,25400,0,25400
"Romney, Mitt",Summit Partners,27000,0,27000
"Romney, Mitt",Sotheby's,29300,0,29300
"Romney, Mitt",Zions Bancorp,29850,5000,24850
"Romney, Mitt",Dominion Energy,31000,15000,16000
"Romney, Mitt",Goldman Sachs,34550,5000,29550
"Romney, Mitt",Credit Suisse Group,37100,0,37100
"Romney, Mitt",AQR Capital Management,38800,0,38800
"Romney, Mitt",Fidelity Investments,39650,15000,24650
"Romney, Mitt",Sinclair Companies,40500,0,40500
"Romney, Mitt",Gardner Co,53600,0,53600
"Romney, Mitt",Blackstone Group,73200,0,73200
"Romney, Mitt",Bain Capital,120300,0,120300
"Romney, Mitt",First Atlantic Capital,20800,0,20800
"Romney, Mitt",Federation of American Hospitals,15000,15000,0
"Romney, Mitt",L3Harris Technologies,20135,20000,135
"Romney, Mitt",Capital Group Companies,19100,10000,9100
"Romney, Mitt",Comcast Corp,15020,15000,20
"Romney, Mitt",Delta Air Lines,15100,15000,100
"Romney, Mitt",Microsoft Corp,15145,15000,145
"Romney, Mitt",Fresenius Medical Care,15400,15000,400
"Romney, Mitt",WSJ Properties,16200,0,16200
"Romney, Mitt","Welsh, Carson et al",16200,0,16200
"Romney, Mitt",Thackeray Co,16200,0,16200
"Romney, Mitt",Stewart & Stevenson,16200,0,16200
"Romney, Mitt",Nierenberg Investment Management,16200,0,16200
"Romney, Mitt",SCF Partners,19700,0,19700
"Romney, Mitt",MRIoA,16200,0,16200
"Romney, Mitt",Harbour Group Industries,16200,0,16200
"Romney, Mitt",CR England Inc,16200,0,16200
"Romney, Mitt",Brady Industries,16200,0,16200
"Romney, Mitt",Belkin International,16200,0,16200
"Romney, Mitt",Acosta Sales & Marketing,16200,0,16200
"Romney, Mitt",Intermountain Health Care,16500,0,16500
"Romney, Mitt",Lionsheart,18100,0,18100
"Romney, Mitt",McCarthy Hennings Whalen,18375,0,18375
"Romney, Mitt",Hexagon Properties,18500,0,18500
"Romney, Mitt",Maverick Capital,18600,0,18600
"Romney, Mitt",Larry H Miller Group,16200,0,16200
"Romney, Mitt",Thermo Fisher Scientific,10025,10000,25
"Rosen, Jacky",EMILY's List,604219,10000,594219
"Rosen, Jacky",Democracy Engine,173339,0,173339
"Rosen, Jacky","Lieff, Cabraser et al",17628,0,17628
"Rosen, Jacky","Paul, Weiss et al",35204,0,35204
"Rosen, Jacky",Senior Care Pharmacy Coalition,33500,15000,18500
"Rosen, Jacky","Pachulski, Stang et al",33350,0,33350
"Rosen, Jacky",Sullivan & Cromwell,32290,0,32290
"Rosen, Jacky",Walt Disney Co,31667,0,31667
"Rosen, Jacky",Wilmerhale Llp,31357,0,31357
"Rosen, Jacky",International Brotherhood of Electrical Workers,30514,30000,514
"Rosen, Jacky",Capital Group Companies,30489,7500,22989
"Rosen, Jacky",MGM Resorts International,30442,15000,15442
"Rosen, Jacky",Amazon.com,35766,2500,33266
"Rosen, Jacky",Massachusetts Institute of Technology,29725,0,29725
"Rosen, Jacky",US Government,27965,0,27965
"Rosen, Jacky",Berkshire Hathaway,27370,21000,6370
"Rosen, Jacky",McKinsey & Co,27043,0,27043
"Rosen, Jacky",Bank of New York Mellon,27035,1000,26035
"Rosen, Jacky","Sheet Metal, Air, Rail & Transportation Union",27005,23000,4005
"Rosen, Jacky",Bluestem Asset Management,27000,0,27000
"Rosen, Jacky","Akin, Gump et al",26986,750,26236
"Rosen, Jacky",Rosen Partners,26600,0,26600
"Rosen, Jacky",Heising-Simons Foundation,26350,0,26350
"Rosen, Jacky",Top Rank Inc,28905,0,28905
"Rosen, Jacky",Bend The Arc Jewish Action,36225,9999,26226
"Rosen, Jacky","Buchanan, Ingersoll & Rooney",36306,0,36306
"Rosen, Jacky","Brownstein, Hyatt et al",36698,3000,33698
"Rosen, Jacky",Alphabet Inc,172695,10000,162695
"Rosen, Jacky",University of California,149615,0,149615
"Rosen, Jacky",League of Conservation Voters,135906,12396,123510
"Rosen, Jacky",JStreetPAC,88975,0,88975
"Rosen, Jacky",AT&T Inc,78676,5000,73676
"Rosen, Jacky",Womencount PAC,71971,45,71926
"Rosen, Jacky",Harvard University,67313,0,67313
"Rosen, Jacky",Stanford University,65872,0,65872
"Rosen, Jacky",University of Nevada,65401,0,65401
"Rosen, Jacky",DE Shaw & Co,64003,0,64003
"Rosen, Jacky",Microsoft Corp,58364,10000,48364
"Rosen, Jacky",Honeywell International,51783,11883,39900
"Rosen, Jacky",Democratic Senatorial Campaign Cmte,47415,47400,15
"Rosen, Jacky",Blue Cross/Blue Shield,44045,6250,37795
"Rosen, Jacky",Arcata Assoc,42300,0,42300
"Rosen, Jacky",Goldman Sachs,42156,10000,32156
"Rosen, Jacky",Harvey & Leslie Wagner Foundation,42000,0,42000
"Rosen, Jacky",Apple Inc,41862,0,41862
"Rosen, Jacky",Facebook Inc,40780,4000,36780
"Rosen, Jacky",Varian Medical Systems,38575,5000,33575
"Rosen, Jacky",Motley Rice LLC,38300,0,38300
"Rosen, Jacky","Cohen, Milstein et al",26213,0,26213
"Rosen, Jacky",American College of Obstetricians & Gynecologists,26000,16000,10000
"Rosen, Jacky",Latham & Watkins,25851,0,25851
"Rosen, Jacky",Cloobeck Companies,25800,0,25800
"Rosen, Jacky",Centene Corp,20981,15000,5981
"Rosen, Jacky",Planned Parenthood,20930,9999,10931
"Rosen, Jacky",Covington Group,20800,0,20800
"Rosen, Jacky",National Air Traffic Controllers Assn,20500,20500,0
"Rosen, Jacky",Pfizer Inc,20167,12500,7667
"Rosen, Jacky",Greater New York Hospital Assn,19850,0,19850
"Rosen, Jacky",Cooney & Conway,19513,0,19513
"Rosen, Jacky",Intel Corp,19481,10000,9481
"Rosen, Jacky",Cushman & Wakefield,19450,0,19450
"Rosen, Jacky",Carson Medical Group,19355,0,19355
"Rosen, Jacky",Forbes Tate Partners,19225,0,19225
"Rosen, Jacky",WPP plc,19104,1000,18104
"Rosen, Jacky",Boston University,18958,0,18958
"Rosen, Jacky",Insight Partners,18905,0,18905
"Rosen, Jacky",Medley Partners,18900,0,18900
"Rosen, Jacky",Rallye Motors,18900,0,18900
"Rosen, Jacky",Avenue Solutions,18728,0,18728
"Rosen, Jacky",Deloitte LLP,18678,10000,8678
"Rosen, Jacky",National Amusements Inc,18505,0,18505
"Rosen, Jacky",University of Washington,18366,0,18366
"Rosen, Jacky",Tellurian Inc,18300,0,18300
"Rosen, Jacky",Omni New York,21200,0,21200
"Rosen, Jacky",Fetner Properties,17732,0,17732
"Rosen, Jacky",Patagonia Works,21276,0,21276
"Rosen, Jacky",Kirkland & Ellis,21853,0,21853
"Rosen, Jacky",Cisco Systems,18047,0,18047
"Rosen, Jacky","Williams, Hart et al",25650,0,25650
"Rosen, Jacky",Comcast Corp,25453,10000,15453
"Rosen, Jacky",IBM Corp,24818,0,24818
"Rosen, Jacky",Henry Crown & Co,24700,0,24700
"Rosen, Jacky",New York University,24659,0,24659
"Rosen, Jacky",Liberty Partners Group,24500,0,24500
"Rosen, Jacky",Scott Foundation,24500,0,24500
"Rosen, Jacky",Renaissance Technologies,24400,0,24400
"Rosen, Jacky",Berkshire Group,24300,0,24300
"Rosen, Jacky",Proctor Lane Investments,24300,0,24300
"Rosen, Jacky",Silver Lake Partners,24165,7065,17100
"Rosen, Jacky",Kaiser Permanente,23516,0,23516
"Rosen, Jacky",Ropes & Gray,23432,0,23432
"Rosen, Jacky","City of New York, NY",22774,0,22774
"Rosen, Jacky",314 Action Fund,22700,17000,5700
"Rosen, Jacky",Hackman Capital Partners,22600,0,22600
"Rosen, Jacky",City University of New York,22586,0,22586
"Rosen, Jacky",Princeton University,22528,0,22528
"Rosen, Jacky",Duchossois Group,22400,0,22400
"Rosen, Jacky",State of California,22156,0,22156
"Rosen, Jacky",Columbia University,21652,0,21652
"Rosen, Jacky",Tiber Creek Group,17950,0,17950
"Rounds, Mike",National Assn of Health Underwriters,12500,12500,0
"Rounds, Mike",Mortgage Bankers Assn,42700,40000,2700
"Rounds, Mike",Independent Insurance Agents & Brokers of America,25000,25000,0
"Rounds, Mike",Prudential Financial,25000,25000,0
"Rounds, Mike",UnitedHealth Group,25000,25000,0
"Rounds, Mike",State of South Dakota,23898,0,23898
"Rounds, Mike",National Assn of Realtors,23500,23500,0
"Rounds, Mike",Massachusetts Mutual Life Insurance,23000,23000,0
"Rounds, Mike",Air Line Pilots Assn,22500,22500,0
"Rounds, Mike",RTX Corp,22500,22500,0
"Rounds, Mike",America's Credit Unions,22000,22000,0
"Rounds, Mike",California Dairies Inc,25000,25000,0
"Rounds, Mike",Visa Inc,22000,20500,1500
"Rounds, Mike",Cboe Global Markets,21500,18500,3000
"Rounds, Mike",Walmart Inc,20610,20500,110
"Rounds, Mike",AT&T Inc,20580,20500,80
"Rounds, Mike",LPL Financial,20500,20500,0
"Rounds, Mike",Rock Holdings,20300,17500,2800
"Rounds, Mike",Comcast Corp,20000,20000,0
"Rounds, Mike",Koch Industries,20000,20000,0
"Rounds, Mike",Marathon Petroleum,20000,20000,0
"Rounds, Mike",Aircraft Owners & Pilots Assn,19750,17500,2250
"Rounds, Mike",JPMorgan Chase & Co,21750,15000,6750
"Rounds, Mike",American Institute of CPAs,25000,25000,0
"Rounds, Mike",1st Financial Bank USA,25600,0,25600
"Rounds, Mike",Poet LLC,26100,25000,1100
"Rounds, Mike",United Parcel Service,37585,37500,85
"Rounds, Mike",Honeywell International,37150,37000,150
"Rounds, Mike",Sanford Health,36050,0,36050
"Rounds, Mike",Northrop Grumman,33600,31000,2600
"Rounds, Mike",Lockheed Martin,32569,32500,69
"Rounds, Mike",American Hotel & Lodging Assn,32500,32500,0
"Rounds, Mike",Microsoft Corp,31050,30000,1050
"Rounds, Mike",Independent Community Bankers of America,30500,30500,0
"Rounds, Mike",First Premier Bank,29800,0,29800
"Rounds, Mike",General Dynamics,29575,29500,75
"Rounds, Mike",Capital Group Companies,29400,20000,9400
"Rounds, Mike",American Bankers Assn,29025,26000,3025
"Rounds, Mike",Ernst & Young,29000,28000,1000
"Rounds, Mike",Citigroup Inc,27950,27500,450
"Rounds, Mike",New York Life Insurance,27500,27500,0
"Rounds, Mike",Investment Co Institute,27000,27000,0
"Rounds, Mike",US Bancorp,26615,12500,14115
"Rounds, Mike",Deloitte LLP,26515,25000,1515
"Rounds, Mike",Berkshire Hathaway,26500,25000,1500
"Rounds, Mike",iHeartMedia Inc,26500,26500,0
"Rounds, Mike",National Multifamily Housing Council,26500,26500,0
"Rounds, Mike",Black Hills Corp,19500,15000,4500
"Rounds, Mike",NextEra Energy,38700,16000,22700
"Rounds, Mike",FMR Corp,19000,19000,0
"Rounds, Mike",Boeing Co,18665,16000,2665
"Rounds, Mike",Keeping Republican Ideas Strong Timely,15000,15000,0
"Rounds, Mike",National Beer Wholesalers Assn,15000,15000,0
"Rounds, Mike",Pinnacle West Capital,15000,15000,0
"Rounds, Mike",International Assn of Fire Fighters,14500,14500,0
"Rounds, Mike",Synchrony Financial,14500,14500,0
"Rounds, Mike",Blessey Marine Service,14150,5000,9150
"Rounds, Mike",American Property Casualty Insurance Assn,14000,14000,0
"Rounds, Mike",National Assn of Broadcasters,14000,10000,4000
"Rounds, Mike",Ecolab Inc,13500,13500,0
"Rounds, Mike",Bank of New York Mellon,15000,15000,0
"Rounds, Mike",Holland & Knight,13500,10500,3000
"Rounds, Mike",National Venture Capital Assn,13000,13000,0
"Rounds, Mike",TCF Financial,13000,7500,5500
"Rounds, Mike",Xcel Energy,13000,13000,0
"Rounds, Mike",Capital Funding Group,12900,0,12900
"Rounds, Mike",Kirby Financial,12900,0,12900
"Rounds, Mike","Akin, Gump et al",12850,4000,8850
"Rounds, Mike",Vista Outdoor,12757,12757,0
"Rounds, Mike",International Council of Shopping Centers,12625,12625,0
"Rounds, Mike",Council of Insurance Agents & Brokers,12500,12500,0
"Rounds, Mike",Black Hills Harley-Davidson,13200,0,13200
"Rounds, Mike",American Assn of Nurse Anesthetists,15000,15000,0
"Rounds, Mike",Blackstone Group,15020,0,15020
"Rounds, Mike",Cigna Corp,15150,15000,150
"Rounds, Mike",American Chemistry Council,18500,18000,500
"Rounds, Mike",Home Depot,18500,18500,0
"Rounds, Mike",National Business Aviation Assn,18500,18500,0
"Rounds, Mike",PricewaterhouseCoopers,18010,18000,10
"Rounds, Mike",American Financial Services Assn,18000,18000,0
"Rounds, Mike",Land O'Lakes,17525,10000,7525
"Rounds, Mike",KPMG LLP,17500,17500,0
"Rounds, Mike",Bockorny Group,16850,0,16850
"Rounds, Mike",Alticor Inc,16800,0,16800
"Rounds, Mike",Wells Fargo,16750,15000,1750
"Rounds, Mike",Daktronics Inc,16600,0,16600
"Rounds, Mike",Verizon Communications,16525,16000,525
"Rounds, Mike",Goldman Sachs,16300,8500,7800
"Rounds, Mike",FedEx Corp,16005,16000,5
"Rounds, Mike",Bluff Point Assoc,16000,0,16000
"Rounds, Mike",National Air Traffic Controllers Assn,16000,16000,0
"Rounds, Mike",Thrivent Financial,16000,16000,0
"Rounds, Mike",Avera Health Systems,15650,0,15650
"Rounds, Mike",AFLAC Inc,15500,15500,0
"Rounds, Mike",Allstate Insurance,15500,15500,0
"Rounds, Mike",Civic Service Inc,15400,0,15400
"Rounds, Mike",National Assn of Mutual Insurance Companies,19000,19000,0
"Rounds, Mike",PNC Financial Services,39000,39000,0
"Rounds, Mike",UBS Americas,40000,40000,0
"Rounds, Mike",Avairpros,42400,0,42400
"Rubio, Marco",AT&T Inc,44107,33500,10607
"Rubio, Marco",BGR Group,45420,500,44920
"Rubio, Marco",Amway/Alticor Inc,45200,2000,43200
"Rubio, Marco",Berkshire Hathaway,43277,26000,17277
"Rubio, Marco",Johnson Controls International,43250,0,43250
"Rubio, Marco",Reyes Holdings,43200,0,43200
"Rubio, Marco",PNC Financial Services,42739,39500,3239
"Rubio, Marco",Eastern Shipbuilding Group,42500,0,42500
"Rubio, Marco",Wiley Rein LLP,42200,0,42200
"Rubio, Marco",Walt Disney Co,42015,34750,7265
"Rubio, Marco",American Bankers Assn,42000,40000,2000
"Rubio, Marco",GL Homes of Florida,41600,0,41600
"Rubio, Marco",COLSA Corp,41400,0,41400
"Rubio, Marco",Swanson Vineyards,40856,0,40856
"Rubio, Marco",Deloitte LLP,40845,37500,3345
"Rubio, Marco",Shotgun Creek Investments,40500,0,40500
"Rubio, Marco",Southern Co,40225,28000,12225
"Rubio, Marco",Putnam Investments,39930,1530,38400
"Rubio, Marco",Walmart Inc,39298,28500,10798
"Rubio, Marco",Lockheed Martin,38445,35500,2945
"Rubio, Marco",Demetree Global,38260,0,38260
"Rubio, Marco",General Atomics,38200,17000,21200
"Rubio, Marco",DCI Group,46700,0,46700
"Rubio, Marco",National Republican Senatorial Cmte,48555,46800,1755
"Rubio, Marco",Equity Prime Mortgage,48700,0,48700
"Rubio, Marco",CSX Corp,48900,43500,5400
"Rubio, Marco",Club for Growth,275425,0,275425
"Rubio, Marco",Elliott Management,194400,0,194400
"Rubio, Marco",Votesane PAC,176125,0,176125
"Rubio, Marco",The Villages,138105,0,138105
"Rubio, Marco",Florida Crystals,122891,0,122891
"Rubio, Marco",Blackstone Group,115190,0,115190
"Rubio, Marco",NextEra Energy,104351,37500,66851
"Rubio, Marco",Patrick P Lee Foundation,67800,0,67800
"Rubio, Marco",Dwd Mechanical Contractor,64000,0,64000
"Rubio, Marco",Goldman Sachs,63520,20000,43520
"Rubio, Marco",T&D Concrete,37800,0,37800
"Rubio, Marco",Greenberg Traurig LLP,63075,2500,60575
"Rubio, Marco",GEO Group,59700,2500,57200
"Rubio, Marco",MCNA Dental Plans,58650,0,58650
"Rubio, Marco",NVR Inc,56000,0,56000
"Rubio, Marco",Agree Realty,54000,0,54000
"Rubio, Marco",Pence Group,54000,0,54000
"Rubio, Marco",Bank of America,51235,6000,45235
"Rubio, Marco",Northrop Grumman,50371,41500,8871
"Rubio, Marco",Vestcor Companies,49826,0,49826
"Rubio, Marco",Comcast Corp,49525,35000,14525
"Rubio, Marco",Steward Health Care,49050,1000,48050
"Rubio, Marco",Melaleuca Inc,60195,0,60195
"Rubio, Marco",Northwest Excavating,36600,0,36600
"Rubio, Marco",Privet Fund Management,40840,0,40840
"Rubio, Marco",Passion Growers,36500,0,36500
"Rubio, Marco",Honeywell International,30050,26500,3550
"Rubio, Marco",Fidelity Investments,30000,2000,28000
"Rubio, Marco",National Multifamily Housing Council,30000,30000,0
"Rubio, Marco",Penn Capital Management,29800,0,29800
"Rubio, Marco",McM Corp,29700,0,29700
"Rubio, Marco",Fidelity National Information Services,29620,0,29620
"Rubio, Marco",United Parcel Service,29570,18500,11070
"Rubio, Marco",RTX Corp,36525,35000,1525
"Rubio, Marco",Gioia Management Group,29280,0,29280
"Rubio, Marco",FedEx Corp,29163,28000,1163
"Rubio, Marco",Dimare Homestead,30230,0,30230
"Rubio, Marco",Hamister Group,29000,0,29000
"Rubio, Marco",Artmarina Inc,28400,0,28400
"Rubio, Marco",Asher's Chocolates,28300,0,28300
"Rubio, Marco",National Assn of Broadcasters,28300,20000,8300
"Rubio, Marco",Las Vegas Sands,28100,10000,18100
"Rubio, Marco",Marine Concepts,27725,0,27725
"Rubio, Marco",Century Homebuilders,27600,0,27600
"Rubio, Marco",American Institute of CPAs,27500,27500,0
"Rubio, Marco",National Assn of Convenience Stores,27500,27500,0
"Rubio, Marco",General Dynamics,27050,22500,4550
"Rubio, Marco",Dade County Public Schools,27025,0,27025
"Rubio, Marco",Pfizer Inc,28700,27000,1700
"Rubio, Marco",LPL Investment Group,30240,0,30240
"Rubio, Marco",MBB Auto LLC,29300,0,29300
"Rubio, Marco",Apollo Global Management,30411,13500,16911
"Rubio, Marco","Akin, Gump et al",35925,17000,18925
"Rubio, Marco",Baker Botts LLP,35895,0,35895
"Rubio, Marco",Oxbow Corp,30300,15000,15300
"Rubio, Marco",Advent International,35100,0,35100
"Rubio, Marco",AmerisourceBergen Corp,35025,30000,5025
"Rubio, Marco",American Hotel & Lodging Assn,35000,35000,0
"Rubio, Marco",Northeast Remsco Construction,34600,0,34600
"Rubio, Marco",Navigators Global,34000,0,34000
"Rubio, Marco",TigerRisk Partners,33900,0,33900
"Rubio, Marco",Wells Fargo,33820,10000,23820
"Rubio, Marco",Perry Ellis International,33800,0,33800
"Rubio, Marco",Publix Super Markets,35210,12000,23210
"Rubio, Marco",Hilton Inn Resort,32600,0,32600
"Rubio, Marco",L3Harris Technologies,33016,32500,516
"Rubio, Marco",Verizon Communications,31590,31000,590
"Rubio, Marco",Pattco Inc,31640,0,31640
"Rubio, Marco",Jennmar Corp,31800,0,31800
"Rubio, Marco",Prescott Investors,31600,0,31600
"Rubio, Marco",Hunt Consolidated,32400,0,32400
"Rubio, Marco","Freeman, Mathis & Gary",32400,0,32400
"Rubio, Marco",Citizens First Bank,32400,0,32400
"Rubio, Marco",Sequoia Capital,32400,0,32400
"Sanders, Bernie",Johns Hopkins University,6042,0,6042
"Sanders, Bernie",Verizon Communications,6603,0,6603
"Sanders, Bernie",JPMorgan Chase & Co,6118,0,6118
"Sanders, Bernie","City & County of San Francisco, CA",6031,0,6031
"Sanders, Bernie",US Dept of State,6174,0,6174
"Sanders, Bernie",Creighton University,6175,0,6175
"Sanders, Bernie","Quinn, Emanuel et al",6218,0,6218
"Sanders, Bernie",Kroger Co,6409,0,6409
"Sanders, Bernie",Starbucks Corp,6570,0,6570
"Sanders, Bernie",Intel Corp,6675,0,6675
"Sanders, Bernie",University of North Carolina,7028,0,7028
"Sanders, Bernie",Mass General Brigham,6917,0,6917
"Sanders, Bernie",Wells Fargo,6931,0,6931
"Sanders, Bernie",National Assn of Letter Carriers,7010,7000,10
"Sanders, Bernie",University of Minnesota,7062,0,7062
"Sanders, Bernie",United Steelworkers,7314,7000,314
"Sanders, Bernie",Dept of Children & Family Services,7400,0,7400
"Sanders, Bernie",University of Chicago,7546,0,7546
"Sanders, Bernie",Climate Champions PAC,7500,7500,0
"Sanders, Bernie",Cornell University,7466,0,7466
"Sanders, Bernie",Galloway Group,5991,0,5991
"Sanders, Bernie",Teamsters Union,6908,5800,1108
"Sanders, Bernie",Commonwealth of Massachusetts,5955,0,5955
"Sanders, Bernie",National Education Assn,7769,5000,2769
"Sanders, Bernie",American Airlines Group,5936,0,5936
"Sanders, Bernie",Home Depot,5274,0,5274
"Sanders, Bernie",Indiana University,7703,0,7703
"Sanders, Bernie",Target Corp,5282,0,5282
"Sanders, Bernie",Accenture,5308,0,5308
"Sanders, Bernie",University of Vermont,5355,0,5355
"Sanders, Bernie","Williams, Hart et al",5400,0,5400
"Sanders, Bernie",Washington Intern Student Housing,5400,0,5400
"Sanders, Bernie",St Mungo's,5400,0,5400
"Sanders, Bernie",Abbey Foods,5400,0,5400
"Sanders, Bernie",United Airlines Holdings,5425,0,5425
"Sanders, Bernie",Facebook Inc,5452,0,5452
"Sanders, Bernie",Mayo Clinic,5490,0,5490
"Sanders, Bernie",Morgan Lewis LLP,5506,0,5506
"Sanders, Bernie",J Street,5510,5000,510
"Sanders, Bernie","Los Angeles County, CA",5662,0,5662
"Sanders, Bernie",University of Pennsylvania,5687,0,5687
"Sanders, Bernie",University of Massachusetts,5733,0,5733
"Sanders, Bernie",Cybersonics Inc,5775,0,5775
"Sanders, Bernie",Salesforce.Com,5822,0,5822
"Sanders, Bernie",Operating Engineers Union,5862,5000,862
"Sanders, Bernie",US Dept of Health & Human Services,5877,0,5877
"Sanders, Bernie",UnitedHealth Group,5950,0,5950
"Sanders, Bernie",New York University,7739,0,7739
"Sanders, Bernie",University of California,68023,0,68023
"Sanders, Bernie","City of New York, NY",25482,0,25482
"Sanders, Bernie",Machinists/Aerospace Workers Union,12030,7000,5030
"Sanders, Bernie",IBM Corp,12415,0,12415
"Sanders, Bernie",Harvard University,12768,0,12768
"Sanders, Bernie",Service Employees International Union,13195,5000,8195
"Sanders, Bernie",Los Angeles Unified School District,13252,0,13252
"Sanders, Bernie",Columbia University,13289,0,13289
"Sanders, Bernie",University of Illinois,14139,0,14139
"Sanders, Bernie",University of Maryland,14315,0,14315
"Sanders, Bernie",Oracle Corp,7773,0,7773
"Sanders, Bernie",University of Washington,14700,0,14700
"Sanders, Bernie",US Dept of Veterans Affairs,11763,0,11763
"Sanders, Bernie",Boeing Co,14993,0,14993
"Sanders, Bernie",State of California,15357,0,15357
"Sanders, Bernie",AT&T Inc,16062,0,16062
"Sanders, Bernie",Apple Inc,18968,0,18968
"Sanders, Bernie",University of Michigan,20203,0,20203
"Sanders, Bernie",Microsoft Corp,21478,0,21478
"Sanders, Bernie",Kaiser Permanente,22328,0,22328
"Sanders, Bernie",US Postal Service,22653,0,22653
"Sanders, Bernie",American Postal Workers Union,25233,15000,10233
"Sanders, Bernie",Alphabet Inc,30101,0,30101
"Sanders, Bernie",Amazon.com,30664,0,30664
"Sanders, Bernie",City University of New York,15045,0,15045
"Sanders, Bernie",Stanford University,11595,0,11595
"Sanders, Bernie",California State University,14470,0,14470
"Sanders, Bernie",Moveon.org,10849,10000,849
"Sanders, Bernie",State University of New York,7789,0,7789
"Sanders, Bernie",US Government,11222,0,11222
"Sanders, Bernie",Communications Workers of America,7958,6500,1458
"Sanders, Bernie",State of New York,7960,0,7960
"Sanders, Bernie",Dell Technologies,7962,0,7962
"Sanders, Bernie",US Dept of Defense,8236,0,8236
"Sanders, Bernie",Comcast Corp,8615,0,8615
"Sanders, Bernie",Blue Cross/Blue Shield,8712,0,8712
"Sanders, Bernie",Walmart Inc,8729,0,8729
"Sanders, Bernie",US Air Force,8808,0,8808
"Sanders, Bernie",United Parcel Service,8842,0,8842
"Sanders, Bernie",Pacific Gourmet,8693,0,8693
"Sanders, Bernie",US Army,9090,0,9090
"Sanders, Bernie",University of Wisconsin,10779,0,10779
"Sanders, Bernie",National Nurses United,8911,3500,5411
"Sanders, Bernie",American Federation of Teachers,10274,10000,274
"Sanders, Bernie",American Federation of Government Employees,10089,10000,89
"Sanders, Bernie",Transport Workers Union,10050,10000,50
"Sanders, Bernie",Walt Disney Co,10306,0,10306
"Sanders, Bernie",Fearless for the People,10000,10000,0
"Sanders, Bernie",University of Texas,9450,0,9450
"Sanders, Bernie",US Navy,9378,0,9378
"Sanders, Bernie",Yale University,9162,0,9162
"Sanders, Bernie",America Works,10010,10000,10
"Sasse, Ben",Hackman Capital Partners,18100,0,18100
"Sasse, Ben",Verisk Analytics,16200,0,16200
"Sasse, Ben",Tenaska Inc,16583,7500,9083
"Sasse, Ben",Blackstone Group,16800,0,16800
"Sasse, Ben",National Assn of Mutual Insurance Companies,17500,17500,0
"Sasse, Ben","Paul, Weiss et al",17800,0,17800
"Sasse, Ben",Platte River Ventures,18000,0,18000
"Sasse, Ben",Mt Vernon Investments,18000,0,18000
"Sasse, Ben",Citadel LLC,18000,0,18000
"Sasse, Ben","Pachulski, Stang et al",18300,0,18300
"Sasse, Ben",Deloitte LLP,20005,20000,5
"Sasse, Ben",US-Cuba Democracy PAC,18500,18500,0
"Sasse, Ben",Susquehanna International Group,18700,0,18700
"Sasse, Ben",Regions Financial,19500,19500,0
"Sasse, Ben",PricewaterhouseCoopers,19500,18500,1000
"Sasse, Ben",Rdv Corp,19600,0,19600
"Sasse, Ben",Fidelity Investments,19700,17000,2700
"Sasse, Ben",Koch Industries,20000,20000,0
"Sasse, Ben",Enterprise Holdings,20000,20000,0
"Sasse, Ben",USAA,20001,20000,1
"Sasse, Ben",AEA Investors,18300,0,18300
"Sasse, Ben",Charter Communications,16000,16000,0
"Sasse, Ben",Aaron's Inc,13500,11000,2500
"Sasse, Ben",JW Childs Assoc,16000,0,16000
"Sasse, Ben",UBS Americas,20500,20000,500
"Sasse, Ben",Morgan Stanley,14000,6500,7500
"Sasse, Ben",Lumen Technologies,14000,14000,0
"Sasse, Ben",GBX Group,14000,0,14000
"Sasse, Ben",Truist Financial,14500,13500,1000
"Sasse, Ben",T-Mobile USA,14525,14500,25
"Sasse, Ben",Wine & Spirits Wholesalers of America,15000,15000,0
"Sasse, Ben",Pacific Life Insurance,15000,15000,0
"Sasse, Ben",NelNet Inc,15000,15000,0
"Sasse, Ben",National Beer Wholesalers Assn,15000,15000,0
"Sasse, Ben",GEO Group,15000,10000,5000
"Sasse, Ben",American Express,15000,15000,0
"Sasse, Ben",American Crystal Sugar,15000,15000,0
"Sasse, Ben",Southern Co,15020,15000,20
"Sasse, Ben",Home Depot,15035,15000,35
"Sasse, Ben",Zurich Insurance Group,15250,10000,5250
"Sasse, Ben",Uline Inc,15500,0,15500
"Sasse, Ben",National Multifamily Housing Council,15500,15500,0
"Sasse, Ben",General Motors,15500,15500,0
"Sasse, Ben",Blue Cross/Blue Shield,15500,14500,1000
"Sasse, Ben",Bluewater International,15600,0,15600
"Sasse, Ben",Ryan Specialty Group,16000,0,16000
"Sasse, Ben",National Assn of Real Estate Investment Trusts,16000,16000,0
"Sasse, Ben",FedEx Corp,16000,16000,0
"Sasse, Ben",Independent Community Bankers of America,20500,20500,0
"Sasse, Ben",Independent Insurance Agents & Brokers of America,25000,25000,0
"Sasse, Ben",America's Credit Unions,20500,20500,0
"Sasse, Ben",Comcast Corp,26500,26500,0
"Sasse, Ben",KPMG LLP,27075,27000,75
"Sasse, Ben",Microsoft Corp,27420,18000,9420
"Sasse, Ben",AFLAC Inc,27500,27500,0
"Sasse, Ben",Northrop Grumman,27755,27500,255
"Sasse, Ben",Rayes Inc,28900,0,28900
"Sasse, Ben",NorPAC,29300,0,29300
"Sasse, Ben",CSX Corp,30000,30000,0
"Sasse, Ben",Google Inc,30225,15000,15225
"Sasse, Ben",Stephens Inc,31600,0,31600
"Sasse, Ben",Mortgage Bankers Assn,35000,35000,0
"Sasse, Ben",Norfolk Southern,35050,35000,50
"Sasse, Ben",Honeywell International,35105,35000,105
"Sasse, Ben",PNC Financial Services,36000,36000,0
"Sasse, Ben",American Bankers Assn,36050,35000,1050
"Sasse, Ben",Berkshire Hathaway,37550,37500,50
"Sasse, Ben",Union Pacific Corp,45855,40000,5855
"Sasse, Ben",Club for Growth,49801,0,49801
"Sasse, Ben",DCI Group,58500,5000,53500
"Sasse, Ben",Mountain Group Partners,89400,0,89400
"Sasse, Ben",Capital Group Companies,123200,25000,98200
"Sasse, Ben",National Assn of Broadcasters,26500,23500,3000
"Sasse, Ben",Madison Dearborn Partners,26300,0,26300
"Sasse, Ben",Bluff Point Assoc,26200,0,26200
"Sasse, Ben",American Institute of CPAs,25000,25000,0
"Sasse, Ben",State of Tennessee,20525,0,20525
"Sasse, Ben",Arbiter Partners,20800,0,20800
"Sasse, Ben",United Distributors,20900,0,20900
"Sasse, Ben",Goldman Sachs,21000,15000,6000
"Sasse, Ben",Council of Insurance Agents & Brokers,21000,21000,0
"Sasse, Ben",Yancey Brothers,21100,0,21100
"Sasse, Ben",Wholesale & Specialty Insurance Assn,21500,21500,0
"Sasse, Ben",Crow Holdings,21600,0,21600
"Sasse, Ben",Boston Consulting Group,22200,0,22200
"Sasse, Ben",Prudential Financial,22500,8500,14000
"Sasse, Ben",Centene Corp,20500,1500,19000
"Sasse, Ben",Humana Inc,22500,22500,0
"Sasse, Ben",Charles Schwab Corp,22900,10500,12400
"Sasse, Ben",Liberty Mutual Insurance,23000,23000,0
"Sasse, Ben",Ernst & Young,23000,22500,500
"Sasse, Ben",Civic Service Inc,23000,0,23000
"Sasse, Ben",Affiliated Managers Group,23000,0,23000
"Sasse, Ben",Avista Capital Partners,23400,0,23400
"Sasse, Ben",National Assn of Realtors,23500,23500,0
"Sasse, Ben",DaVita Inc,24000,24000,0
"Sasse, Ben",AT&T Inc,24002,24000,2
"Sasse, Ben",Alston & Bird,24800,6500,18300
"Sasse, Ben",United Parcel Service,22525,22500,25
"Sasse, Ben",TCF Financial,13950,5000,8950
"Schatz, Brian",America Works,15000,15000,0
"Schatz, Brian",T-Mobile USA,24500,23000,1500
"Schatz, Brian",Charter Communications,32500,32500,0
"Schatz, Brian",Norfolk Southern,32500,32500,0
"Schatz, Brian",Saltchuk,32500,17500,15000
"Schatz, Brian",Alexander & Baldwin,32000,13000,19000
"Schatz, Brian",CGS Assoc,30200,0,30200
"Schatz, Brian",Deloitte LLP,30003,30000,3
"Schatz, Brian",Air Line Pilots Assn,30000,30000,0
"Schatz, Brian",Mortgage Bankers Assn,30000,30000,0
"Schatz, Brian",Prairie PAC,30000,30000,0
"Schatz, Brian",General Dynamics,29500,29500,0
"Schatz, Brian",National Assn of Realtors,29500,29500,0
"Schatz, Brian",Quicken Loans,29200,5000,24200
"Schatz, Brian",Huntington Ingalls Industries,29000,29000,0
"Schatz, Brian",First Hawaiian Bank,27500,2700,24800
"Schatz, Brian",iHeartMedia Inc,27500,17500,10000
"Schatz, Brian",Hewlett Packard Enterprise,27000,27000,0
"Schatz, Brian",Walt Disney Co,27000,27000,0
"Schatz, Brian",Microsoft Corp,26610,26500,110
"Schatz, Brian",Hawaiian Electric Industries,26450,0,26450
"Schatz, Brian",KPMG LLP,26000,23500,2500
"Schatz, Brian",Shidler Group,25800,0,25800
"Schatz, Brian",American Hotel & Lodging Assn,32500,32500,0
"Schatz, Brian",BAE Systems,25100,24000,1100
"Schatz, Brian",International Brotherhood of Electrical Workers,35000,35000,0
"Schatz, Brian",Hawaiian Airlines,35184,20200,14984
"Schatz, Brian",Votesane PAC,95500,0,95500
"Schatz, Brian",League of Conservation Voters,113278,12000,101278
"Schatz, Brian",DISH Network,53900,35000,18900
"Schatz, Brian",Clarkson Aerospace,53500,0,53500
"Schatz, Brian",Comcast Corp,50700,30000,20700
"Schatz, Brian",Matson Inc,50099,10680,39419
"Schatz, Brian",AT&T Inc,48500,46500,2000
"Schatz, Brian",Verizon Communications,48500,47500,1000
"Schatz, Brian",National Assn of Broadcasters,46000,44500,1500
"Schatz, Brian",Union Pacific Corp,42500,42500,0
"Schatz, Brian",Cox Enterprises,42400,28500,13900
"Schatz, Brian","Kobayashi, Sugita & Goda",41918,0,41918
"Schatz, Brian",National Air Traffic Controllers Assn,40000,40000,0
"Schatz, Brian",Wine & Spirits Wholesalers of America,40000,40000,0
"Schatz, Brian",Google Inc,39306,27500,11806
"Schatz, Brian",NCTA The Internet & Television Assn,38500,37500,1000
"Schatz, Brian",MacAndrews & Forbes,38100,21000,17100
"Schatz, Brian",JStreetPAC,37610,2500,35110
"Schatz, Brian",Honeywell International,37525,35500,2025
"Schatz, Brian",Ford Motor Co,36501,35000,1501
"Schatz, Brian",Berkshire Hathaway,35503,35000,503
"Schatz, Brian",CSX Corp,35000,35000,0
"Schatz, Brian",National Assn of Letter Carriers,25000,25000,0
"Schatz, Brian",Seafarers International Union,35000,33750,1250
"Schatz, Brian","Alston, Hunt et al",23909,0,23909
"Schatz, Brian",ATS Communications,18200,0,18200
"Schatz, Brian",Chickasaw Nation,18100,0,18100
"Schatz, Brian",General Motors,18000,18000,0
"Schatz, Brian",Chugach Alaska,17500,17500,0
"Schatz, Brian",Communications Workers of America,17500,17500,0
"Schatz, Brian",National Multifamily Housing Council,17500,17500,0
"Schatz, Brian",US Travel Assn,17500,17500,0
"Schatz, Brian",Pacific Defense Solutions,17305,0,17305
"Schatz, Brian",United Fishing Agency,17300,0,17300
"Schatz, Brian",Ocean Champions,16578,9078,7500
"Schatz, Brian",Pop Fishing & Marine,18400,0,18400
"Schatz, Brian",Imanaka Asato LLC,16550,0,16550
"Schatz, Brian",Lumen Technologies,16500,14000,2500
"Schatz, Brian",Northrop Grumman,16500,16500,0
"Schatz, Brian",Marine Engineers Beneficial Assn,16485,14583,1902
"Schatz, Brian","Leavitt, Yamane & Soldner",16450,0,16450
"Schatz, Brian",National Marine Manufacturers Assn,16000,12500,3500
"Schatz, Brian",America's Credit Unions,15500,15000,500
"Schatz, Brian",Emerson Collective,15500,0,15500
"Schatz, Brian",Blue Origin,15400,15400,0
"Schatz, Brian",Nike Inc,15050,15000,50
"Schatz, Brian",Purpose PAC,25000,25000,0
"Schatz, Brian",Lockheed Martin,16500,16500,0
"Schatz, Brian",Carnival Corp,18400,1500,16900
"Schatz, Brian",Cornerstone Government Affairs,16900,0,16900
"Schatz, Brian",Strategies 360,18499,0,18499
"Schatz, Brian",American Federation of Government Employees,23000,23000,0
"Schatz, Brian",RTX Corp,22500,22500,0
"Schatz, Brian",Thornton Law Firm,22500,0,22500
"Schatz, Brian",Blue Cross/Blue Shield,22410,1000,21410
"Schatz, Brian",North Star Scientific,22200,0,22200
"Schatz, Brian",L3Harris Technologies,21500,21500,0
"Schatz, Brian",Martin Defense Group,21500,0,21500
"Schatz, Brian",American Institute of CPAs,21000,21000,0
"Schatz, Brian",Hilton Worldwide,21000,16000,5000
"Schatz, Brian",Intel Corp,21000,20000,1000
"Schatz, Brian",CHEROKEE NATION,20900,0,20900
"Schatz, Brian",Hawaiian Telcom,23400,7000,16400
"Schatz, Brian",Northstar Realty Finance,20400,0,20400
"Schatz, Brian",Vitus Group,20400,0,20400
"Schatz, Brian","Akin, Gump et al",20250,5500,14750
"Schatz, Brian",HDR Inc,20243,19000,1243
"Schatz, Brian",Facebook Inc,20000,20000,0
"Schatz, Brian",PricewaterhouseCoopers,19500,19500,0
"Schatz, Brian",Glover Park Group,19450,5050,14400
"Schatz, Brian",Wiley Rein LLP,19200,0,19200
"Schatz, Brian",CTIA,18500,18500,0
"Schatz, Brian",NextEra Energy,20500,20000,500
"Schumer, Charles E",League of Conservation Voters,69912,14500,55412
"Schumer, Charles E",Sullivan & Cromwell,63615,0,63615
"Schumer, Charles E",Renaissance Technologies,64800,0,64800
"Schumer, Charles E",Access Industries,66400,0,66400
"Schumer, Charles E",CVS Health,69758,66000,3758
"Schumer, Charles E",AFLAC Inc,68679,40000,28679
"Schumer, Charles E",Pershing Square Capital Management,69700,0,69700
"Schumer, Charles E",DaVita Inc,69735,41500,28235
"Schumer, Charles E",York Capital Management,63500,0,63500
"Schumer, Charles E",American Express,66985,35000,31985
"Schumer, Charles E",ViacomCBS Inc,62205,0,62205
"Schumer, Charles E",Vornado Realty Trust,59000,0,59000
"Schumer, Charles E",Silver Lake Partners,61805,5000,56805
"Schumer, Charles E",Boeing Co,60182,40000,20182
"Schumer, Charles E",Wirtz Corp,60000,0,60000
"Schumer, Charles E",Walt Disney Co,59183,37500,21683
"Schumer, Charles E","Newmark, Grubb et al",58500,0,58500
"Schumer, Charles E",Constellation Brands,55600,34000,21600
"Schumer, Charles E",KKR & Co,55447,11000,44447
"Schumer, Charles E",American Hospital Assn,54900,40000,14900
"Schumer, Charles E",Durst Organization,54700,0,54700
"Schumer, Charles E",General Electric,52169,20000,32169
"Schumer, Charles E","Akin, Gump et al",62105,12600,49505
"Schumer, Charles E",Bank of New York Mellon,70175,30000,40175
"Schumer, Charles E",New York Life Insurance,164183,44000,120183
"Schumer, Charles E",Blackstone Group,73503,0,73503
"Schumer, Charles E",Votesane PAC,51500,0,51500
"Schumer, Charles E",Lockheed Martin,144160,50000,94160
"Schumer, Charles E","Paul, Weiss et al",143105,0,143105
"Schumer, Charles E",Deloitte LLP,132284,40000,92284
"Schumer, Charles E",PricewaterhouseCoopers,131605,42500,89105
"Schumer, Charles E",MetLife Inc,122441,36500,85941
"Schumer, Charles E",NorPAC,117368,0,117368
"Schumer, Charles E",Google Inc,115751,31500,84251
"Schumer, Charles E",KPMG LLP,113805,36000,77805
"Schumer, Charles E",Corning Inc,112120,35000,77120
"Schumer, Charles E",Centene Corp,72338,41000,31338
"Schumer, Charles E",Cisco Systems,99040,25000,74040
"Schumer, Charles E",Ernst & Young,94620,35500,59120
"Schumer, Charles E",Capital Group Companies,94200,35000,59200
"Schumer, Charles E",UnitedHealth Group,89569,36000,53569
"Schumer, Charles E",Goldman Sachs,88025,45000,43025
"Schumer, Charles E",Blue Cross/Blue Shield,87039,66000,21039
"Schumer, Charles E",NextEra Energy,81425,26500,54925
"Schumer, Charles E",National Assn of Broadcasters,80852,45500,35352
"Schumer, Charles E",Apple Inc,80161,0,80161
"Schumer, Charles E",Apollo Global Management,76044,17000,59044
"Schumer, Charles E",Visa Inc,73798,34000,39798
"Schumer, Charles E",Microsoft Corp,96127,44500,51627
"Schumer, Charles E",New York-Presbyterian Hospital,51415,0,51415
"Schumer, Charles E",Honeywell International,50236,50000,236
"Schumer, Charles E",MasterCard Inc,50105,14000,36105
"Schumer, Charles E",Council of Insurance Agents & Brokers,42500,42500,0
"Schumer, Charles E",M&T Bank,42485,1000,41485
"Schumer, Charles E",Bank Of America,42389,37500,4889
"Schumer, Charles E",Oaktree Capital Management,41801,0,41801
"Schumer, Charles E",FedEx Corp,41593,41500,93
"Schumer, Charles E",Pfizer Inc,41056,40500,556
"Schumer, Charles E",Cardinal Health,40414,40000,414
"Schumer, Charles E",Comcast Corp,40256,40000,256
"Schumer, Charles E",Carlyle Group,40120,0,40120
"Schumer, Charles E",International Brotherhood of Electrical Workers,40065,40000,65
"Schumer, Charles E",General Motors,40034,40000,34
"Schumer, Charles E",Independent Community Bankers of America,40000,40000,0
"Schumer, Charles E",National Assn of Home Builders,40000,40000,0
"Schumer, Charles E",National Multifamily Housing Council,40000,40000,0
"Schumer, Charles E",Kirkland & Ellis,39939,0,39939
"Schumer, Charles E",NASCAR,39700,10000,29700
"Schumer, Charles E",Ford Motor Co,39515,39500,15
"Schumer, Charles E",Eli Lilly & Co,39500,39500,0
"Schumer, Charles E","Lieff, Cabraser et al",39353,0,39353
"Schumer, Charles E",Guardian Life Insurance,39300,7500,31800
"Schumer, Charles E",WPP plc,39226,1500,37726
"Schumer, Charles E",American Property Casualty Insurance Assn,42500,42500,0
"Schumer, Charles E",American Health Care Assn,42500,37500,5000
"Schumer, Charles E",National Assn of Real Estate Investment Trusts,39000,39000,0
"Schumer, Charles E",Merck & Co,43033,43000,33
"Schumer, Charles E",DISH Network,49600,27500,22100
"Schumer, Charles E",Facebook Inc,48910,14000,34910
"Schumer, Charles E","Brownstein, Hyatt et al",48650,16500,32150
"Schumer, Charles E",MacAndrews & Forbes,48110,5000,43110
"Schumer, Charles E",Altria Group,47800,45000,2800
"Schumer, Charles E",Massachusetts Mutual Life Insurance,47800,28500,19300
"Schumer, Charles E",National Education Assn,42768,40000,2768
"Schumer, Charles E",UBS AG,47588,32500,15088
"Schumer, Charles E",Crowell & Moring,47000,25400,21600
"Schumer, Charles E",America's Credit Unions,46000,46000,0
"Schumer, Charles E",Wells Fargo,45447,6500,38947
"Schumer, Charles E",RTX Corp,47644,47500,144
"Schumer, Charles E",International Assn of Fire Fighters,45000,45000,0
"Schumer, Charles E",Mortgage Bankers Assn,45000,45000,0
"Schumer, Charles E",National Beer Wholesalers Assn,45000,45000,0
"Schumer, Charles E",Broadridge Financial Solutions,44666,0,44666
"Schumer, Charles E",Berkshire Hathaway,44104,34500,9604
"Schumer, Charles E",Charter Communications,44005,44000,5
"Schumer, Charles E",AT&T Inc,43507,35500,8007
"Schumer, Charles E",National Air Traffic Controllers Assn,43500,43500,0
"Schumer, Charles E",Nix Patterson LLP,43200,0,43200
"Schumer, Charles E",Paulson & Co,43100,0,43100
"Schumer, Charles E",Humana Inc,45035,45000,35
"Scott, Rick",Keewin Real Property Co,23700,0,23700
"Scott, Rick",Gruss & Co,23900,0,23900
"Scott, Rick",York Management & Research,24100,0,24100
"Scott, Rick",T&D Concrete,24300,0,24300
"Scott, Rick",Cassidy Organization,25600,0,25600
"Scott, Rick",Dex Imaging,24300,0,24300
"Scott, Rick",Berkshire Hathaway,24830,20000,4830
"Scott, Rick",State of Florida,25474,0,25474
"Scott, Rick",Florida Crystals,24300,0,24300
"Scott, Rick","Cole, Scott & Kissane",23500,0,23500
"Scott, Rick",Global Credit Advisers,21000,0,21000
"Scott, Rick",Koch Industries,22900,17500,5400
"Scott, Rick",BGR Group,22810,6210,16600
"Scott, Rick",FedEx Corp,22740,7500,15240
"Scott, Rick",GL Homes of Florida,21600,0,21600
"Scott, Rick",Station Casinos,21600,0,21600
"Scott, Rick",Deloitte LLP,21425,10000,11425
"Scott, Rick",Dab Constructors,21200,0,21200
"Scott, Rick",Great Point Partners,21200,0,21200
"Scott, Rick",Nextgen Management,21200,0,21200
"Scott, Rick",Equity Group Investments,25800,10000,15800
"Scott, Rick",Ferber Co,23300,0,23300
"Scott, Rick",Patrick P Lee Foundation,26200,0,26200
"Scott, Rick",Sj Lockwood & Co,34700,0,34700
"Scott, Rick",Amscot Financial,26600,0,26600
"Scott, Rick",Hydrologic Distribution Co,21000,0,21000
"Scott, Rick",The Villages,136550,0,136550
"Scott, Rick",NextEra Energy,102500,16000,86500
"Scott, Rick",GEO Group,80400,15000,65400
"Scott, Rick",Home Depot,65664,20000,45664
"Scott, Rick",Shutts & Bowen,60131,0,60131
"Scott, Rick",Heartland Dental Care,44740,0,44740
"Scott, Rick",Bank of America,42625,0,42625
"Scott, Rick",State Farm Insurance,38921,0,38921
"Scott, Rick",Lewis Bear Co,37800,0,37800
"Scott, Rick",US Senate,37412,0,37412
"Scott, Rick",RTX Corp,35925,5000,30925
"Scott, Rick",Ryan LLC,33300,22500,10800
"Scott, Rick",Banknote Capital,32000,0,32000
"Scott, Rick",Sutton Properties,31200,0,31200
"Scott, Rick",Greenberg Traurig LLP,31100,0,31100
"Scott, Rick",Beasley Media Group,30300,0,30300
"Scott, Rick",HCA Inc,29801,15000,14801
"Scott, Rick",Full Sail,27750,0,27750
"Scott, Rick",Select Medical Corp,27500,20000,7500
"Scott, Rick",Republican Jewish Coalition,27490,10000,17490
"Scott, Rick",Weathertech,26600,0,26600
"Scott, Rick",Covelli Enterprises,20800,0,20800
"Scott, Rick",Hopkins Pharmacy,16400,0,16400
"Scott, Rick",Akerman LLP,20750,0,20750
"Scott, Rick",Digestive & Liver Center of Florida,16200,0,16200
"Scott, Rick",Fresh Start Produce Sales,16200,0,16200
"Scott, Rick",Heritage Insurance,16200,0,16200
"Scott, Rick",Jennmar Corp,16200,0,16200
"Scott, Rick",Johnsonville Sausage,16200,0,16200
"Scott, Rick",Mountaire Corp,16200,0,16200
"Scott, Rick",Rex Lumber Co,16200,0,16200
"Scott, Rick",Vecellio Group,16200,0,16200
"Scott, Rick",American Bankers Assn,16050,15000,1050
"Scott, Rick",Bainbridge Companies,16000,0,16000
"Scott, Rick",Bay Fabrication,16000,0,16000
"Scott, Rick",Fresenius Medical Care,16000,0,16000
"Scott, Rick",Probity International,16000,0,16000
"Scott, Rick",Rail Management Corp,16000,0,16000
"Scott, Rick",US Travel Assn,16000,10000,6000
"Scott, Rick",UnitedHealth Group,15900,10000,5900
"Scott, Rick",Southern Glazer's Wine & Spirits,15650,8800,6850
"Scott, Rick",Codina Partners,15600,0,15600
"Scott, Rick",Holiday Inns,15600,0,15600
"Scott, Rick",Ls Energia,15600,0,15600
"Scott, Rick",Route One Investment,15600,0,15600
"Scott, Rick",Anderson Columbia Co,16200,0,16200
"Scott, Rick",Alliance Coal,16200,0,16200
"Scott, Rick",Charles Schwab Corp,16205,0,16205
"Scott, Rick",WW Gay Mechanical Contractor,15400,0,15400
"Scott, Rick",Mayport Venture Partners LLC,20450,0,20450
"Scott, Rick",CSX Corp,19700,15000,4700
"Scott, Rick",Truist Financial,19475,10000,9475
"Scott, Rick",Omnicom Group,19400,0,19400
"Scott, Rick",Comcast Corp,19200,15000,4200
"Scott, Rick",JW Childs Assoc,18900,0,18900
"Scott, Rick",Humana Inc,18800,10000,8800
"Scott, Rick",First Republic Bank,18700,0,18700
"Scott, Rick",Strand Partners,18700,0,18700
"Scott, Rick",Copart Inc,18600,5000,13600
"Scott, Rick",Devon Energy,15400,10000,5400
"Scott, Rick",Altria Group,18200,15000,3200
"Scott, Rick",Holland & Knight,18050,2500,15550
"Scott, Rick",AT&T Inc,17955,14000,3955
"Scott, Rick",Hubbard Broadcasting,17950,0,17950
"Scott, Rick",NCR Corp,17900,0,17900
"Scott, Rick",Acadia Healthcare,17775,5000,12775
"Scott, Rick",JM Family Enterprises,17650,15400,2250
"Scott, Rick",Wells Fargo,17246,0,17246
"Scott, Rick",Assured Partners Inc,16700,0,16700
"Scott, Rick",Miller Strategies,16600,0,16600
"Scott, Rick",Apollo Global Management,16500,15000,1500
"Scott, Rick",Verizon Communications,18068,7000,11068
"Scott, Rick",L3Harris Technologies,15211,10000,5211
"Scott, Rick",Club for Growth,167674,0,167674
"Scott, Tim",Votesane PAC,221000,0,221000
"Scott, Tim",American Bankers Assn,37550,37500,50
"Scott, Tim",Club for Growth,37425,0,37425
"Scott, Tim",Massachusetts Mutual Life Insurance,36590,36500,90
"Scott, Tim",CVS Health,35263,33000,2263
"Scott, Tim",American Dental Assn,35000,35000,0
"Scott, Tim",Northrop Grumman,34838,32500,2338
"Scott, Tim",PricewaterhouseCoopers,34785,34000,785
"Scott, Tim",Northwestern Mutual,33665,30000,3665
"Scott, Tim",UnitedHealth Group,33473,26000,7473
"Scott, Tim",CSX Corp,37570,37500,70
"Scott, Tim",Wells Fargo,33384,19500,13884
"Scott, Tim",National Assn of Convenience Stores,32500,32500,0
"Scott, Tim",Humanscale Corp,32300,0,32300
"Scott, Tim",Sanofi,32020,26500,5520
"Scott, Tim",America's Credit Unions,32000,32000,0
"Scott, Tim",Independent Community Bankers of America,32000,32000,0
"Scott, Tim",Independent Insurance Agents & Brokers of America,31750,31000,750
"Scott, Tim",Berkshire Hathaway,31671,29000,2671
"Scott, Tim",AmerisourceBergen Corp,31275,30000,1275
"Scott, Tim",Lockheed Martin,31257,29500,1757
"Scott, Tim",Cigna Corp,32629,31500,1129
"Scott, Tim",Honeywell International,38308,37500,808
"Scott, Tim",Deloitte LLP,38358,35000,3358
"Scott, Tim",Abbott Laboratories,38710,37500,1210
"Scott, Tim","Nelson, Mullins et al",81420,5000,76420
"Scott, Tim",AFLAC Inc,72050,32500,39550
"Scott, Tim",Penn Mutual Life Insurance,69700,2500,67200
"Scott, Tim",Prudential Financial,65575,31000,34575
"Scott, Tim",Boeing Co,53179,25500,27679
"Scott, Tim",Goldman Sachs,52775,23000,29775
"Scott, Tim",Comcast Corp,51447,31500,19947
"Scott, Tim",Blackstone Group,50841,6000,44841
"Scott, Tim",PNC Financial Services,50292,49650,642
"Scott, Tim",New York Life Insurance,47020,40000,7020
"Scott, Tim",UBS AG,46700,40000,6700
"Scott, Tim",FedEx Corp,44685,41000,3685
"Scott, Tim",Amgen Inc,43770,33500,10270
"Scott, Tim",National Assn of Realtors,42525,42000,525
"Scott, Tim",Microsoft Corp,41845,20500,21345
"Scott, Tim",Citigroup Inc,41170,13500,27670
"Scott, Tim",Pfizer Inc,40273,39000,1273
"Scott, Tim",Capital One Financial,40170,40000,170
"Scott, Tim",Mortgage Bankers Assn,40000,40000,0
"Scott, Tim",National Assn of Real Estate Investment Trusts,40000,40000,0
"Scott, Tim",National Multifamily Housing Council,40000,40000,0
"Scott, Tim",General Dynamics,31230,30000,1230
"Scott, Tim",Koch Industries,30825,20000,10825
"Scott, Tim",TIAA,30500,29500,1000
"Scott, Tim",Duke Energy,30350,30000,350
"Scott, Tim",American Express,24505,24500,5
"Scott, Tim",Council of Insurance Agents & Brokers,24500,24500,0
"Scott, Tim",Investment Co Institute,24500,24500,0
"Scott, Tim",Novogradac & Co,24400,0,24400
"Scott, Tim",United Parcel Service,24340,22500,1840
"Scott, Tim",Navient Corp,23625,23500,125
"Scott, Tim",Home Depot,23539,21500,2039
"Scott, Tim",FMR Corp,23500,23500,0
"Scott, Tim",McKesson Corp,23230,23000,230
"Scott, Tim",DaVita Inc,23150,22000,1150
"Scott, Tim",American Land Title Assn,23000,23000,0
"Scott, Tim",Altria Group,22570,22500,70
"Scott, Tim",National Beer Wholesalers Assn,22500,22500,0
"Scott, Tim",Miller Strategies,22400,0,22400
"Scott, Tim",Google Inc,22090,22000,90
"Scott, Tim",Toyota Corp,22000,0,22000
"Scott, Tim",Eli Lilly & Co,21800,16000,5800
"Scott, Tim",McDermott International,21600,21000,600
"Scott, Tim",JPMorgan Chase & Co,21219,19000,2219
"Scott, Tim",LPL Financial,21124,20999,125
"Scott, Tim","Brownstein, Hyatt et al",21100,5000,16100
"Scott, Tim",Regions Financial,24593,24500,93
"Scott, Tim",Dominion Energy,112054,36500,75554
"Scott, Tim",National Apartment Assn,24900,24900,0
"Scott, Tim",Royal Bank of Canada,25000,8500,16500
"Scott, Tim",Merck & Co,30345,30000,345
"Scott, Tim",Blue Cross/Blue Shield,30313,26500,3813
"Scott, Tim",Humana Inc,30245,30000,245
"Scott, Tim",MetLife Inc,30115,30000,115
"Scott, Tim",American Institute of CPAs,29999,29999,0
"Scott, Tim",Grupo Salinas,29800,21500,8300
"Scott, Tim",Roche Holdings,29655,29500,155
"Scott, Tim",Pacific Life Insurance,29025,27500,1525
"Scott, Tim",Allstate Insurance,28140,21500,6640
"Scott, Tim",Walmart Inc,28113,25500,2613
"Scott, Tim",NorPAC,28060,0,28060
"Scott, Tim",Amway/Alticor Inc,28015,1000,27015
"Scott, Tim",Aiken Electric Cooperative,28000,28000,0
"Scott, Tim",Blessey Marine Service,27800,15000,12800
"Scott, Tim",Hartford Financial Services,27750,25500,2250
"Scott, Tim",American Hotel & Lodging Assn,27500,27500,0
"Scott, Tim",JW Childs Assoc,27000,0,27000
"Scott, Tim",Koch Inc,26297,20000,6297
"Scott, Tim",AT&T Inc,26232,18500,7732
"Scott, Tim",American Council of Life Insurers,25800,23000,2800
"Scott, Tim",General Motors,25625,25000,625
"Scott, Tim",Wine & Spirits Wholesalers of America,24999,24999,0
"Scott, Tim",Capital Group Companies,143265,40500,102765
"Scott, Tim",Ernst & Young,20895,17000,3895
"Scott, Tim",Fierce Government Relations,21000,0,21000
"Shaheen, Jeanne",Motor City PAC,15000,10000,5000
"Shaheen, Jeanne",General Dynamics,33041,30000,3041
"Shaheen, Jeanne",L3Harris Technologies,30745,30000,745
"Shaheen, Jeanne",UnitedHealth Group,30590,22500,8090
"Shaheen, Jeanne",Deloitte LLP,30385,25000,5385
"Shaheen, Jeanne",National Assn of Letter Carriers,30190,30000,190
"Shaheen, Jeanne",UBS AG,30053,30000,53
"Shaheen, Jeanne",RTX Corp,29618,29000,618
"Shaheen, Jeanne",Dartmouth-Hitchcock Medical Center,28086,0,28086
"Shaheen, Jeanne",Mortgage Bankers Assn,27625,27500,125
"Shaheen, Jeanne",Ropes & Gray,26907,0,26907
"Shaheen, Jeanne",DaVita Inc,26753,15000,11753
"Shaheen, Jeanne",Independent Community Bankers of America,26035,26000,35
"Shaheen, Jeanne",Liberty Mutual,25771,21500,4271
"Shaheen, Jeanne",American Hotel & Lodging Assn,25025,25000,25
"Shaheen, Jeanne",Operating Engineers Union,25000,20000,5000
"Shaheen, Jeanne","Sheet Metal, Air, Rail & Transportation Union",25000,25000,0
"Shaheen, Jeanne",SpaceX,24300,19000,5300
"Shaheen, Jeanne",Clark Hill PLC,24000,5500,18500
"Shaheen, Jeanne",Stanford University,23604,0,23604
"Shaheen, Jeanne",iHeartMedia Inc,23550,23500,50
"Shaheen, Jeanne",US Government,34658,0,34658
"Shaheen, Jeanne",University of California,34769,0,34769
"Shaheen, Jeanne",Anheuser-Busch,35375,35000,375
"Shaheen, Jeanne",General Atomics,35654,21000,14654
"Shaheen, Jeanne",Capital Group Companies,73622,10000,63622
"Shaheen, Jeanne",Dartmouth College,68577,0,68577
"Shaheen, Jeanne",BAE Systems,65552,38500,27052
"Shaheen, Jeanne",University of New Hampshire,62177,0,62177
"Shaheen, Jeanne",Fidelity Investments,56501,32500,24001
"Shaheen, Jeanne",Votesane PAC,55500,0,55500
"Shaheen, Jeanne",Beacon Companies,54400,0,54400
"Shaheen, Jeanne",Microsoft Corp,49919,29500,20419
"Shaheen, Jeanne",Centene Corp,47928,23500,24428
"Shaheen, Jeanne",Mass General Brigham,22689,0,22689
"Shaheen, Jeanne",Harvard University,47257,0,47257
"Shaheen, Jeanne",State of New Hampshire,45497,0,45497
"Shaheen, Jeanne",Honeywell International,45118,39000,6118
"Shaheen, Jeanne",Comcast Corp,45077,22500,22577
"Shaheen, Jeanne",National Multifamily Housing Council,41500,36500,5000
"Shaheen, Jeanne",Northrop Grumman,41451,40000,1451
"Shaheen, Jeanne",Sierra Nevada Corp,40210,21000,19210
"Shaheen, Jeanne",Democracy Engine,36941,0,36941
"Shaheen, Jeanne",JStreetPAC,36058,1070,34988
"Shaheen, Jeanne",Raytheon Technologies,35787,21000,14787
"Shaheen, Jeanne",Blue Cross/Blue Shield,46112,38500,7612
"Shaheen, Jeanne",International Paper,22515,22500,15
"Shaheen, Jeanne","Kleiner, Perkins et al",22400,0,22400
"Shaheen, Jeanne",General Electric,21904,17500,4404
"Shaheen, Jeanne",Citizens Financial Group,18010,10000,8010
"Shaheen, Jeanne",Forbes Tate Partners,17600,0,17600
"Shaheen, Jeanne",Laborers Union,17505,17500,5
"Shaheen, Jeanne",Bloomberg LP,17218,0,17218
"Shaheen, Jeanne",Capitol Counsel,17200,0,17200
"Shaheen, Jeanne",Avenue Solutions,17145,0,17145
"Shaheen, Jeanne",Cognosante LLC,17100,0,17100
"Shaheen, Jeanne",Warburg Pincus,16829,2800,14029
"Shaheen, Jeanne",Chartwell Hotels,16800,0,16800
"Shaheen, Jeanne",Wells Fargo,16053,3500,12553
"Shaheen, Jeanne",Holland & Knight,15935,12500,3435
"Shaheen, Jeanne",Pfizer Inc,15767,15000,767
"Shaheen, Jeanne",Goldman Sachs,15650,5000,10650
"Shaheen, Jeanne",State of California,15587,0,15587
"Shaheen, Jeanne",GE Aerospace,15400,15000,400
"Shaheen, Jeanne",Motley Rice LLC,15323,0,15323
"Shaheen, Jeanne",Service Employees International Union,15281,10000,5281
"Shaheen, Jeanne",Fresenius Medical Care,15135,15000,135
"Shaheen, Jeanne",Shaheen & Gordon,15125,0,15125
"Shaheen, Jeanne",Granite Values,15000,10000,5000
"Shaheen, Jeanne",Investment Co Institute,15000,15000,0
"Shaheen, Jeanne",Facebook Inc,18041,7500,10541
"Shaheen, Jeanne",National Assn of Health Underwriters,15000,15000,0
"Shaheen, Jeanne",Charter Communications,18537,18500,37
"Shaheen, Jeanne",Lockheed Martin,18704,17500,1204
"Shaheen, Jeanne",League of Conservation Voters,21626,4943,16683
"Shaheen, Jeanne",NCTA The Internet & Television Assn,21500,21500,0
"Shaheen, Jeanne",Alphabet Inc,21478,10000,11478
"Shaheen, Jeanne",Anthem Inc,21449,15000,6449
"Shaheen, Jeanne",Hewlett Packard Enterprise,21317,18500,2817
"Shaheen, Jeanne",CVS Health,21090,9000,12090
"Shaheen, Jeanne",Meredith Bay,20800,0,20800
"Shaheen, Jeanne",Massachusetts Institute of Technology,20568,0,20568
"Shaheen, Jeanne",Bain Capital,20325,0,20325
"Shaheen, Jeanne",NextEra Energy,20305,20000,305
"Shaheen, Jeanne","Brownstein, Hyatt et al",20235,8500,11735
"Shaheen, Jeanne",DLA Piper,20150,7500,12650
"Shaheen, Jeanne",National Assn of Realtors,20044,20000,44
"Shaheen, Jeanne",International Assn of Fire Fighters,20000,20000,0
"Shaheen, Jeanne",National Fisheries Institute,20000,20000,0
"Shaheen, Jeanne",AT&T Inc,19924,10000,9924
"Shaheen, Jeanne",Walt Disney Co,19917,0,19917
"Shaheen, Jeanne",National Assn of Broadcasters,19252,18000,1252
"Shaheen, Jeanne",Masimo Corp,19000,5000,14000
"Shaheen, Jeanne","Akin, Gump et al",18783,3375,15408
"Shaheen, Jeanne",American Bankers Assn,18750,18500,250
"Shaheen, Jeanne",Tufts University,18683,0,18683
"Shaheen, Jeanne",Poet LLC,15000,15000,0
"Shaheen, Jeanne",Walmart Inc,14903,14000,903
"Shaheen, Jeanne",EMILY's List,169416,0,169416
"Shaheen, Jeanne",Marriott International,14963,13500,1463
"Shelby, Richard C",State Street Corp,23350,4000,19350
"Shelby, Richard C","Paul, Weiss et al",23750,0,23750
"Shelby, Richard C",SAIC,24500,24000,500
"Shelby, Richard C",TCF Financial,24520,6000,18520
"Shelby, Richard C",Union Pacific Corp,25000,25000,0
"Shelby, Richard C",Quantum Research International,25000,0,25000
"Shelby, Richard C",Prudential Financial,25000,25000,0
"Shelby, Richard C",PricewaterhouseCoopers,25000,25000,0
"Shelby, Richard C",Norfolk Southern,25000,25000,0
"Shelby, Richard C",National Multifamily Housing Council,25000,25000,0
"Shelby, Richard C",Kratos Defense & Security Solutions,25000,10000,15000
"Shelby, Richard C",CSX Corp,25000,25000,0
"Shelby, Richard C",Comcast Corp,25000,25000,0
"Shelby, Richard C",Altria Group,25000,25000,0
"Shelby, Richard C",General Electric,25100,16500,8600
"Shelby, Richard C",RR&G LLC,25200,0,25200
"Shelby, Richard C",Gray Research,26000,0,26000
"Shelby, Richard C",USAA,26500,14500,12000
"Shelby, Richard C",CME Group,26500,17000,9500
"Shelby, Richard C",Nasdaq Inc,27250,8000,19250
"Shelby, Richard C",Cubic Corp,23000,23000,0
"Shelby, Richard C",Palantir Technologies,27500,0,27500
"Shelby, Richard C",National Apartment Assn,23000,23000,0
"Shelby, Richard C",Airbus Group,22500,16500,6000
"Shelby, Richard C",Massachusetts Mutual Life Insurance,16000,16000,0
"Shelby, Richard C",KPMG LLP,16500,15500,1000
"Shelby, Richard C",America's Credit Unions,17000,16000,1000
"Shelby, Richard C",Jacobs Engineering Group,17500,12500,5000
"Shelby, Richard C",Blue Cross/Blue Shield,18000,10000,8000
"Shelby, Richard C",Teledyne Technologies,19000,4000,15000
"Shelby, Richard C",Van Scoyoc Assoc,19500,0,19500
"Shelby, Richard C",Scientific Research Corp,19500,0,19500
"Shelby, Richard C",National Beer Wholesalers Assn,19500,19500,0
"Shelby, Richard C",National Assn of Home Builders,20000,20000,0
"Shelby, Richard C",Kord Technologies,20000,0,20000
"Shelby, Richard C",INFiN a Financial Services Alliance,20000,20000,0
"Shelby, Richard C",Crossroads Strategies,20000,0,20000
"Shelby, Richard C",Capital One Financial,20000,20000,0
"Shelby, Richard C",Capital Group Companies,20000,20000,0
"Shelby, Richard C",National Cotton Council,21000,21000,0
"Shelby, Richard C",Berkshire Hathaway,21000,21000,0
"Shelby, Richard C",American Trucking Assns,21000,21000,0
"Shelby, Richard C",Experian,21500,19000,2500
"Shelby, Richard C",BAE Systems,22000,22000,0
"Shelby, Richard C",American Bankers Assn,22000,20000,2000
"Shelby, Richard C",Wells Fargo,22800,9500,13300
"Shelby, Richard C",Aerojet Rocketdyne,15500,9500,6000
"Shelby, Richard C",AT&T Inc,27500,27500,0
"Shelby, Richard C",JPMorgan Chase & Co,29900,20000,9900
"Shelby, Richard C",Huntington Ingalls Industries,47500,32500,15000
"Shelby, Richard C",Southern Co,49200,36000,13200
"Shelby, Richard C",Goldman Sachs,52800,11000,41800
"Shelby, Richard C",Breland Homes,55000,0,55000
"Shelby, Richard C",Frontier Technology,57000,0,57000
"Shelby, Richard C",Franklin L Haney Co,57500,0,57500
"Shelby, Richard C",MetLife Inc,60700,17000,43700
"Shelby, Richard C",Torch Technologies,61600,10000,51600
"Shelby, Richard C",Citadel LLC,62000,0,62000
"Shelby, Richard C",Leidos Inc,65000,45000,20000
"Shelby, Richard C",Radiance Technologies,70000,15000,55000
"Shelby, Richard C",Great Southern Wood Preserving,75000,0,75000
"Shelby, Richard C",FedEx Corp,77600,41000,36600
"Shelby, Richard C",General Dynamics,78000,35000,43000
"Shelby, Richard C",Apollo Global Management,78200,0,78200
"Shelby, Richard C",PNC Financial Services,81500,52500,29000
"Shelby, Richard C",Truist Financial,83650,39000,44650
"Shelby, Richard C",Collazo Enterprises,110000,0,110000
"Shelby, Richard C",Boeing Co,126000,22500,103500
"Shelby, Richard C",Lockheed Martin,143450,36000,107450
"Shelby, Richard C",American Council of Life Insurers,15000,15000,0
"Shelby, Richard C",US Bancorp,46800,24500,22300
"Shelby, Richard C",Raytheon Technologies,27600,15000,12600
"Shelby, Richard C",Signature Bank,44050,0,44050
"Shelby, Richard C",Northrop Grumman,43000,43000,0
"Shelby, Richard C",Wine & Spirits Wholesalers of America,30000,30000,0
"Shelby, Richard C","Morris, Haynes et al",30000,0,30000
"Shelby, Richard C",Dese Research,30000,0,30000
"Shelby, Richard C",American Express,31500,7000,24500
"Shelby, Richard C",Delta Air Lines,32200,25000,7200
"Shelby, Richard C",Dynamis Inc,32500,0,32500
"Shelby, Richard C",RTX Corp,33000,33000,0
"Shelby, Richard C",Peopletec Inc,34000,0,34000
"Shelby, Richard C",Parsons Corp,35000,35000,0
"Shelby, Richard C",ClearPath Foundation,35000,0,35000
"Shelby, Richard C",Deloitte LLP,36000,35000,1000
"Shelby, Richard C",Total System Services,38000,5000,33000
"Shelby, Richard C",Sullivan & Cromwell,39000,0,39000
"Shelby, Richard C",National Assn of Realtors,39000,39000,0
"Shelby, Richard C",General Atomics,39200,22500,16700
"Shelby, Richard C",Jim Wilson & Assoc,40000,0,40000
"Shelby, Richard C",Home Depot,40000,40000,0
"Shelby, Richard C",Sierra Nevada Corp,40400,20000,20400
"Shelby, Richard C",Fidelity Investments,40650,12000,28650
"Shelby, Richard C",AFLAC Inc,41000,30000,11000
"Shelby, Richard C",Mortgage Bankers Assn,41500,40000,1500
"Shelby, Richard C",Honeywell International,44000,24000,20000
"Shelby, Richard C",Allergan Inc,15000,15000,0
"Shelby, Richard C",American Hotel & Lodging Assn,15000,15000,0
"Shelby, Richard C",Regions Financial,27500,27500,0
"Shelby, Richard C",Balch & Bingham,15000,15000,0
"Sinema, Kyrsten",UnitedHealth Group,38859,24500,14359
"Sinema, Kyrsten",Walt Disney Co,38482,0,38482
"Sinema, Kyrsten",Quicken Loans,38350,10000,28350
"Sinema, Kyrsten",AT&T Inc,37223,16000,21223
"Sinema, Kyrsten",Cox Enterprises,37200,23500,13700
"Sinema, Kyrsten",Motley Rice LLC,37050,0,37050
"Sinema, Kyrsten",Freedom Financial Network,35750,0,35750
"Sinema, Kyrsten",Banner Health,35540,0,35540
"Sinema, Kyrsten",PNC Financial Services,35247,33500,1747
"Sinema, Kyrsten",Womencount PAC,35046,10,35036
"Sinema, Kyrsten",Microsoft Corp,33542,9500,24042
"Sinema, Kyrsten",National Air Traffic Controllers Assn,32500,32500,0
"Sinema, Kyrsten",Harvard University,32396,0,32396
"Sinema, Kyrsten","Akin, Gump et al",31549,1500,30049
"Sinema, Kyrsten",JUUL Labs,30700,7700,23000
"Sinema, Kyrsten",Crescent Capital,30400,0,30400
"Sinema, Kyrsten",National Venture Capital Assn,30000,30000,0
"Sinema, Kyrsten",General Dynamics,29601,20000,9601
"Sinema, Kyrsten",Wirtz Corp,29200,0,29200
"Sinema, Kyrsten",JPMorgan Chase & Co,28370,20000,8370
"Sinema, Kyrsten",Altria Group,27950,15000,12950
"Sinema, Kyrsten",American Express,38933,18500,20433
"Sinema, Kyrsten",Salt River Project,39991,21000,18991
"Sinema, Kyrsten",Charter Communications,41600,15000,26600
"Sinema, Kyrsten",Lyft Inc,42720,0,42720
"Sinema, Kyrsten",American College of Emergency Physicians,19150,19000,150
"Sinema, Kyrsten",EMILY's List,405783,10000,395783
"Sinema, Kyrsten",Democracy Engine,211304,0,211304
"Sinema, Kyrsten",Votesane PAC,165650,0,165650
"Sinema, Kyrsten",Arizona State University,105274,0,105274
"Sinema, Kyrsten",Crescent Capital Group,104500,0,104500
"Sinema, Kyrsten",Alphabet Inc,90393,15000,75393
"Sinema, Kyrsten",DaVita Inc,85295,24500,60795
"Sinema, Kyrsten",Blue Cross/Blue Shield,80776,25750,55026
"Sinema, Kyrsten",Capital Group Companies,73600,26000,47600
"Sinema, Kyrsten",Anthem Inc,27833,26500,1333
"Sinema, Kyrsten",University of California,71976,0,71976
"Sinema, Kyrsten","Paul, Weiss et al",61650,0,61650
"Sinema, Kyrsten",University of Arizona,60392,0,60392
"Sinema, Kyrsten",Comcast Corp,56565,20000,36565
"Sinema, Kyrsten",Pinnacle West Capital,52630,22000,30630
"Sinema, Kyrsten",Blackstone Group,52350,0,52350
"Sinema, Kyrsten",Snell & Wilmer,50940,0,50940
"Sinema, Kyrsten",League of Conservation Voters,50398,9953,40445
"Sinema, Kyrsten",Goldman Sachs,48850,17500,31350
"Sinema, Kyrsten",Democratic Senatorial Campaign Cmte,47425,47400,25
"Sinema, Kyrsten",CVS Health,46117,32500,13617
"Sinema, Kyrsten",American Airlines Group,63287,17000,46287
"Sinema, Kyrsten",Mortgage Bankers Assn,27750,22500,5250
"Sinema, Kyrsten",Planned Parenthood,19025,9500,9525
"Sinema, Kyrsten",Cigna Corp,27350,18500,8850
"Sinema, Kyrsten",Investment Co Institute,21000,20500,500
"Sinema, Kyrsten",Otoe-Missouria Tribe,21000,0,21000
"Sinema, Kyrsten",Capital Funding Group,20750,0,20750
"Sinema, Kyrsten",Apple Inc,20508,0,20508
"Sinema, Kyrsten","Kazan, McClain et al",20500,0,20500
"Sinema, Kyrsten",Southern Co,20433,18500,1933
"Sinema, Kyrsten",Cornerstone Government Affairs,20399,0,20399
"Sinema, Kyrsten",Wells Fargo,20326,7500,12826
"Sinema, Kyrsten",United Food & Commercial Workers Union,20250,20000,250
"Sinema, Kyrsten",Subject Matter,20100,0,20100
"Sinema, Kyrsten",Berkshire Hathaway,21178,19000,2178
"Sinema, Kyrsten",American Bankers Assn,20000,20000,0
"Sinema, Kyrsten",National Assn of Letter Carriers,20000,20000,0
"Sinema, Kyrsten",Regions Financial,20000,20000,0
"Sinema, Kyrsten",Broadcom Inc,19930,5500,14430
"Sinema, Kyrsten",Deloitte LLP,19870,15000,4870
"Sinema, Kyrsten",Air Line Pilots Assn,19750,19500,250
"Sinema, Kyrsten",Forbes Tate Partners,19700,0,19700
"Sinema, Kyrsten",Airlines for America,19400,12000,7400
"Sinema, Kyrsten",Mayo Clinic,19400,0,19400
"Sinema, Kyrsten",National Assn of Broadcasters,19250,15000,4250
"Sinema, Kyrsten","Wachtell, Lipton et al",27351,0,27351
"Sinema, Kyrsten",Management & Training Corp,20000,20000,0
"Sinema, Kyrsten",Bank of New York Mellon,21200,13700,7500
"Sinema, Kyrsten",US Acute Care Solutions,18750,15000,3750
"Sinema, Kyrsten","Brownstein, Hyatt et al",21550,4000,17550
"Sinema, Kyrsten",National Assn of Realtors,21525,20000,1525
"Sinema, Kyrsten",DE Shaw & Co,26650,0,26650
"Sinema, Kyrsten",Ernst & Young,26556,21000,5556
"Sinema, Kyrsten",Intel Corp,26325,10000,16325
"Sinema, Kyrsten",Honeywell International,25665,19500,6165
"Sinema, Kyrsten",PricewaterhouseCoopers,25653,20000,5653
"Sinema, Kyrsten",Visa Inc,25454,22500,2954
"Sinema, Kyrsten",Fidelity Investments,25250,18500,6750
"Sinema, Kyrsten",Pfizer Inc,25035,12500,12535
"Sinema, Kyrsten",Council of Insurance Agents & Brokers,25000,25000,0
"Sinema, Kyrsten",Perkins Coie,24406,0,24406
"Sinema, Kyrsten",UBS AG,26750,23500,3250
"Sinema, Kyrsten",Amazon.com,24344,7500,16844
"Sinema, Kyrsten",Rxr Realty,23900,0,23900
"Sinema, Kyrsten",Stanford University,23783,0,23783
"Sinema, Kyrsten",RTX Corp,23302,14500,8802
"Sinema, Kyrsten",New York Life Insurance,23250,22500,750
"Sinema, Kyrsten",Boeing Co,22929,14500,8429
"Sinema, Kyrsten",Roche Holdings,22505,10000,12505
"Sinema, Kyrsten","Lieff, Cabraser et al",22500,0,22500
"Sinema, Kyrsten",Duchossois Group,22400,0,22400
"Sinema, Kyrsten",Facebook Inc,21735,0,21735
"Sinema, Kyrsten",Highfields Capital Management,24350,0,24350
"Smith, Tina",Microsoft Corp,34016,15500,18516
"Smith, Tina",Southern Minn Beet Sugar Co-Op,35000,35000,0
"Smith, Tina",Farm Credit Council,35000,35000,0
"Smith, Tina",3M Co,36012,10000,26012
"Smith, Tina",Carpenters & Joiners Union,35100,35000,100
"Smith, Tina","Faegre, Drinker et al",35505,15000,20505
"Smith, Tina",Honeywell International,35800,32500,3300
"Smith, Tina","Schwebel, Goetz & Sieben",36104,0,36104
"Smith, Tina",American Crystal Sugar,35005,35000,5
"Smith, Tina",American Assn for Justice,33250,32500,750
"Smith, Tina",Unity Avenue Assoc,30100,0,30100
"Smith, Tina",Planned Parenthood,32000,17499,14501
"Smith, Tina",Harvard University,30350,0,30350
"Smith, Tina",Operating Engineers Union,30183,30000,183
"Smith, Tina",Laborers Union,30010,30000,10
"Smith, Tina",National Assn of Letter Carriers,30008,30000,8
"Smith, Tina",People's Voice PAC,30000,20000,10000
"Smith, Tina",National Education Assn,29553,20000,9553
"Smith, Tina",League of Conservation Voters,28089,18999,9090
"Smith, Tina",Target Corp,36877,20500,16377
"Smith, Tina",H&S Ventures,27000,0,27000
"Smith, Tina",Healthpartners Inc,32226,0,32226
"Smith, Tina",Goldman Sachs,27410,8500,18910
"Smith, Tina",UnitedHealth Group,58736,12500,46236
"Smith, Tina",Cigna Corp,42230,37500,4730
"Smith, Tina",Service Employees International Union,26915,15000,11915
"Smith, Tina",University of Minnesota,229406,0,229406
"Smith, Tina",Democracy Engine,219519,0,219519
"Smith, Tina",State of Minnesota,98350,0,98350
"Smith, Tina",Capital Group Companies,70025,27500,42525
"Smith, Tina",Signature Bank,67675,0,67675
"Smith, Tina",Lockridge Grindal Nauen Pllp,67618,13178,54440
"Smith, Tina",US Bancorp,66885,35000,31885
"Smith, Tina",Blue Cross/Blue Shield,66847,32000,34847
"Smith, Tina",Wells Fargo,63316,25000,38316
"Smith, Tina",General Mills,61840,20000,41840
"Smith, Tina",Xcel Energy,60668,24500,36168
"Smith, Tina",Mayo Clinic,60538,0,60538
"Smith, Tina",Medtronic Inc,58539,20000,38539
"Smith, Tina",Dorsey & Whitney,58525,11000,47525
"Smith, Tina",Comcast Corp,58026,27500,30526
"Smith, Tina",Pohlad Companies,50425,0,50425
"Smith, Tina",Ecolab Inc,49290,15000,34290
"Smith, Tina",Best Buy,48773,24500,24273
"Smith, Tina",Heartland Realty Investors,46900,0,46900
"Smith, Tina",Allina Health,43058,0,43058
"Smith, Tina",Delta Air Lines,40868,15000,25868
"Smith, Tina",EMILY's List,341693,20000,321693
"Smith, Tina",Alphabet Inc,40729,10000,30729
"Smith, Tina",Cargill Inc,26309,13500,12809
"Smith, Tina",UNITE HERE,20020,20000,20
"Smith, Tina",A New Direction PAC,20000,20000,0
"Smith, Tina",All for Our Country,20000,20000,0
"Smith, Tina",America Works,20000,20000,0
"Smith, Tina",American Assn of Crop Insurers,20000,20000,0
"Smith, Tina",Common Ground PAC,20000,20000,0
"Smith, Tina",Common Sense Colorado,20000,20000,0
"Smith, Tina",Follow the North Star Fund,20000,20000,0
"Smith, Tina",Forward Together PAC,20000,20000,0
"Smith, Tina",Fund for the Majority,20000,20000,0
"Smith, Tina",American Optometric Assn,20024,20000,24
"Smith, Tina",Granite Values,20000,20000,0
"Smith, Tina",Green Mountain PAC,20000,20000,0
"Smith, Tina",Hawaii PAC,20000,20000,0
"Smith, Tina",Impact (Schumer),20000,20000,0
"Smith, Tina",Keystone America PAC,20000,20000,0
"Smith, Tina",Lobo PAC,20000,20000,0
"Smith, Tina",M-PAC,20000,20000,0
"Smith, Tina",Mortgage Bankers Assn,20000,20000,0
"Smith, Tina",Motor City PAC,20000,20000,0
"Smith, Tina",Narragansett Bay PAC,20000,20000,0
"Smith, Tina",Land O'Lakes,26708,20000,6708
"Smith, Tina",Great Lakes PAC,20000,20000,0
"Smith, Tina",Air Line Pilots Assn,20100,20000,100
"Smith, Tina",Motley Rice LLC,26500,0,26500
"Smith, Tina",United Steelworkers,20135,20000,135
"Smith, Tina",Gray Plant Mooty,20130,1500,18630
"Smith, Tina",WilmerHale LLP,26191,0,26191
"Smith, Tina",International Assn of Fire Fighters,25000,25000,0
"Smith, Tina",National Air Traffic Controllers Assn,25000,25000,0
"Smith, Tina",Painters & Allied Trades Union,25000,25000,0
"Smith, Tina",Poet LLC,25000,25000,0
"Smith, Tina",IBM Corp,24864,0,24864
"Smith, Tina","Hennepin County, MN",23966,0,23966
"Smith, Tina",United Parcel Service,22768,21000,1768
"Smith, Tina",High Meadows Foundation,22715,0,22715
"Smith, Tina",University of California,22560,0,22560
"Smith, Tina",NAU Country Insurance,24250,0,24250
"Smith, Tina",Robins Kaplan LLP,22483,4174,18309
"Smith, Tina",McKinsey & Co,20346,0,20346
"Smith, Tina",National Beer Wholesalers Assn,22500,22500,0
"Smith, Tina",Council for a Livable World,20510,50,20460
"Smith, Tina",United for A Strong America,20600,9400,11200
"Smith, Tina",US Government,20763,0,20763
"Smith, Tina",American Federation of State/Cnty/Munic Employees,20415,20000,415
"Smith, Tina",American Federation of Teachers,21354,21000,354
"Smith, Tina",Metropolitan Corp,21600,0,21600
"Smith, Tina",National Assn of Realtors,22086,22000,86
"Smith, Tina",Ernst & Young,22392,15000,7392
"Smith, Tina",International Brotherhood of Electrical Workers,21076,20000,1076
"Stabenow, Debbie",National Multifamily Housing Council,38500,38500,0
"Stabenow, Debbie",TCF Financial,41050,5000,36050
"Stabenow, Debbie",Sterling Group,40500,0,40500
"Stabenow, Debbie",International Brotherhood of Electrical Workers,40075,40000,75
"Stabenow, Debbie",Honeywell International,40000,40000,0
"Stabenow, Debbie",National Rural Electric Cooperative Assn,40000,40000,0
"Stabenow, Debbie",Alphabet Inc,39346,10000,29346
"Stabenow, Debbie",National Education Assn,39321,35000,4321
"Stabenow, Debbie",Western Michigan University,38687,0,38687
"Stabenow, Debbie",Match-E-Be-Nash-She-Wish Band Pottawatomi Indians,38100,0,38100
"Stabenow, Debbie",National Beer Wholesalers Assn,35000,35000,0
"Stabenow, Debbie",National Assn of Real Estate Investment Trusts,37500,37500,0
"Stabenow, Debbie",Womencount PAC,37133,20,37113
"Stabenow, Debbie",Bayer AG,36800,16500,20300
"Stabenow, Debbie",CME Group,36150,36000,150
"Stabenow, Debbie",Centene Corp,36063,17500,18563
"Stabenow, Debbie",Tenet Healthcare,35435,11000,24435
"Stabenow, Debbie",Air Line Pilots Assn,35030,35000,30
"Stabenow, Debbie",Mortgage Bankers Assn,35000,35000,0
"Stabenow, Debbie",National Assn of Realtors,35000,35000,0
"Stabenow, Debbie",Liberty Partners Group,37566,0,37566
"Stabenow, Debbie",Fortis Inc,41145,20000,21145
"Stabenow, Debbie",Quicken Loans,52136,5000,47136
"Stabenow, Debbie",UBS Americas,43000,40000,3000
"Stabenow, Debbie",Votesane PAC,100975,0,100975
"Stabenow, Debbie",DuPont Co,95397,21500,73897
"Stabenow, Debbie",Democratic Senatorial Campaign Cmte,94800,94800,0
"Stabenow, Debbie",DTE Energy,92271,36000,56271
"Stabenow, Debbie","Paul, Weiss et al",86675,0,86675
"Stabenow, Debbie",Henry Ford Health System,73772,6000,67772
"Stabenow, Debbie",Democracy Engine,70793,0,70793
"Stabenow, Debbie",General Motors,70255,40000,30255
"Stabenow, Debbie",American Hospital Assn,62050,40000,22050
"Stabenow, Debbie",JPMorgan Chase & Co,62033,36000,26033
"Stabenow, Debbie",NorPAC,42500,0,42500
"Stabenow, Debbie",CMS Energy,59391,36500,22891
"Stabenow, Debbie",Goldman Sachs,56995,13000,43995
"Stabenow, Debbie",Poet LLC,35000,25000,10000
"Stabenow, Debbie",Farm Credit Council,46000,46000,0
"Stabenow, Debbie",Citigroup Inc,45996,14000,31996
"Stabenow, Debbie",Delta Air Lines,44846,35000,9846
"Stabenow, Debbie",Wirtz Corp,44500,0,44500
"Stabenow, Debbie",America's Credit Unions,44000,44000,0
"Stabenow, Debbie",Michigan State University,43883,0,43883
"Stabenow, Debbie",Dow Inc,43880,20000,23880
"Stabenow, Debbie",Delta Dental Plans Assn,43601,10000,33601
"Stabenow, Debbie",General Dynamics,59313,41000,18313
"Stabenow, Debbie",United Auto Workers,34570,30000,4570
"Stabenow, Debbie",AT&T Inc,31101,27000,4101
"Stabenow, Debbie",Comcast Corp,33882,32500,1382
"Stabenow, Debbie",FC Compassus,25500,25500,0
"Stabenow, Debbie",Penske Corp,25400,0,25400
"Stabenow, Debbie",Sun Communities,25400,0,25400
"Stabenow, Debbie",Flagstar Bank,25284,21000,4284
"Stabenow, Debbie",BASF Corp,25150,25000,150
"Stabenow, Debbie",CVS Health,25128,22000,3128
"Stabenow, Debbie",American Assn for Justice,25000,25000,0
"Stabenow, Debbie",National Assn of Letter Carriers,25000,25000,0
"Stabenow, Debbie",Operating Engineers Union,25000,25000,0
"Stabenow, Debbie",Real Estate Roundtable,25000,25000,0
"Stabenow, Debbie",United Fresh Produce Assn,25000,25000,0
"Stabenow, Debbie",Renaissance Health Service,24997,24997,0
"Stabenow, Debbie",State of Michigan,24710,0,24710
"Stabenow, Debbie",Dentons,24150,14000,10150
"Stabenow, Debbie",American Podiatric Medical Assn,24000,24000,0
"Stabenow, Debbie",Employee-Owned S Corporations of America,24000,24000,0
"Stabenow, Debbie",Wayne State University,23700,0,23700
"Stabenow, Debbie",Intercontinental Exchange Inc,23500,22500,1000
"Stabenow, Debbie",AFLAC Inc,23300,20000,3300
"Stabenow, Debbie",University of Michigan,160186,0,160186
"Stabenow, Debbie",EMILY's List,208855,10000,198855
"Stabenow, Debbie",American Institute of CPAs,25500,24000,1500
"Stabenow, Debbie",American Health Care Assn,34300,30000,4300
"Stabenow, Debbie",Credit Suisse Group,25930,20000,5930
"Stabenow, Debbie",National Milk Producers Federation,26000,25000,1000
"Stabenow, Debbie",Blackstone Group,33700,0,33700
"Stabenow, Debbie",Amazon.com,33021,15000,18021
"Stabenow, Debbie",BlackRock Inc,33000,10000,23000
"Stabenow, Debbie",Deloitte LLP,32605,22500,10105
"Stabenow, Debbie",Jackson National Life Insurance,32525,31500,1025
"Stabenow, Debbie",Dykema Gossett,32210,28500,3710
"Stabenow, Debbie",Thrivent Financial,31500,31500,0
"Stabenow, Debbie",General Electric,31215,13500,17715
"Stabenow, Debbie",Coca-Cola Co,31150,14500,16650
"Stabenow, Debbie",American Society for Radiation Oncology,31000,31000,0
"Stabenow, Debbie",Palace Sports & Entertainment,30918,0,30918
"Stabenow, Debbie",Carpenters & Joiners Union,30000,30000,0
"Stabenow, Debbie",Growth Energy,30000,30000,0
"Stabenow, Debbie",Nexcare Health Systems,28900,0,28900
"Stabenow, Debbie",Alzheimer's Assn,27500,17500,10000
"Stabenow, Debbie",American Crystal Sugar,27500,27500,0
"Stabenow, Debbie",Laborers Union,27500,27500,0
"Stabenow, Debbie",New York Life Insurance,27500,27500,0
"Stabenow, Debbie",Sullivan & Cromwell,27425,0,27425
"Stabenow, Debbie","Miller, Canfield et al",27050,21000,6050
"Stabenow, Debbie",Microsoft Corp,26093,15500,10593
"Stabenow, Debbie","Sheet Metal, Air, Rail & Transportation Union",26000,26000,0
"Stabenow, Debbie",Finseca,26000,26000,0
"Stabenow, Debbie",Blue Cross/Blue Shield,127411,41500,85911
"Stabenow, Debbie",Ford Motor Co,117669,41000,76669
"Sullivan, Dan",Axiom Investors,20000,0,20000
"Sullivan, Dan",Automotive Free International Trade PAC,20000,20000,0
"Sullivan, Dan",American Waterways Operators,20000,20000,0
"Sullivan, Dan",Anadarko Petroleum,20004,15000,5004
"Sullivan, Dan",USAA,20005,20000,5
"Sullivan, Dan",LOCKHEED MARTIN,20144,20000,144
"Sullivan, Dan",Cruise Lines International Assn,20500,19500,1000
"Sullivan, Dan",Koch Inc,20510,20000,510
"Sullivan, Dan",Huntington Ingalls Industries,20515,20500,15
"Sullivan, Dan",Leach Capital,21200,0,21200
"Sullivan, Dan",Rpm International,111193,10000,101193
"Sullivan, Dan",Carruth Management,21800,0,21800
"Sullivan, Dan",Verizon Communications,22375,22000,375
"Sullivan, Dan",Federal Aviation Admin Managers Assn,22500,22500,0
"Sullivan, Dan",General Motors,22575,21500,1075
"Sullivan, Dan",Microsoft Corp,22600,16000,6600
"Sullivan, Dan",Arctic Slope Native Assn,22620,10000,12620
"Sullivan, Dan",Polaris Industries,23300,6500,16800
"Sullivan, Dan",Apollo Global Management,23410,0,23410
"Sullivan, Dan",Matson Inc,23875,8500,15375
"Sullivan, Dan",Bering Straits Native Corp,24100,0,24100
"Sullivan, Dan",Carpenters & Joiners Union,20000,20000,0
"Sullivan, Dan",Vigor Industrial,21600,15000,6600
"Sullivan, Dan",Century 21 Department Stores,20000,0,20000
"Sullivan, Dan",Freeman Spogli & Co,19600,0,19600
"Sullivan, Dan",Perella Weinberg Partners,15800,0,15800
"Sullivan, Dan",National Multifamily Housing Council,16000,16000,0
"Sullivan, Dan",Hohlt Group,16200,0,16200
"Sullivan, Dan",BP,16330,7500,8830
"Sullivan, Dan",NextEra Energy,16500,16500,0
"Sullivan, Dan",National Air Traffic Controllers Assn,16500,16500,0
"Sullivan, Dan",American Tank & Fabricating,16500,0,16500
"Sullivan, Dan",Blue Cross/Blue Shield,16575,15500,1075
"Sullivan, Dan",Summit Partners,16600,0,16600
"Sullivan, Dan",Amway/Alticor Inc,16800,0,16800
"Sullivan, Dan",American Bankers Assn,16800,15000,1800
"Sullivan, Dan",Hunt Consolidated,17300,0,17300
"Sullivan, Dan",Dentons,17375,9500,7875
"Sullivan, Dan",Crossroads Strategies,17800,0,17800
"Sullivan, Dan",Pacific Seafood Group,18000,18000,0
"Sullivan, Dan",Marathon Petroleum,18352,12500,5852
"Sullivan, Dan",Pacific Seafood Processors Assn,18500,11500,7000
"Sullivan, Dan",T-Mobile USA,18508,18500,8
"Sullivan, Dan",RTX Corp,19000,19000,0
"Sullivan, Dan",National Assn of Broadcasters,19500,19500,0
"Sullivan, Dan",Facebook Inc,19510,8500,11010
"Sullivan, Dan",Penco Properties,20000,0,20000
"Sullivan, Dan",Aircraft Owners & Pilots Assn,24500,24500,0
"Sullivan, Dan",State of Alaska,24839,0,24839
"Sullivan, Dan",Capital Group Companies,25000,0,25000
"Sullivan, Dan",Honeywell International,35306,35000,306
"Sullivan, Dan",Home Depot,35643,35000,643
"Sullivan, Dan",Edison Chouest Offshore,35700,0,35700
"Sullivan, Dan",Royal Caribbean Group,36150,0,36150
"Sullivan, Dan",Hilcorp Energy,36999,0,36999
"Sullivan, Dan",United Parcel Service,37142,36500,642
"Sullivan, Dan",ConocoPhillips,37675,10000,27675
"Sullivan, Dan",Berkshire Hathaway,39070,37500,1570
"Sullivan, Dan",Northrop Grumman,39767,39500,267
"Sullivan, Dan",Saltchuk,40950,10000,30950
"Sullivan, Dan",Armstrong Oil & Gas,41300,0,41300
"Sullivan, Dan",General Atomics,41750,25000,16750
"Sullivan, Dan",Atlas Air Worldwide,43925,31500,12425
"Sullivan, Dan",National Republican Senatorial Cmte,44700,44600,100
"Sullivan, Dan","Calfee, Halter & Griswold",45800,0,45800
"Sullivan, Dan",FedEx Corp,49437,36000,13437
"Sullivan, Dan",Elliott Management,49700,0,49700
"Sullivan, Dan",Chugach Alaska,50350,32000,18350
"Sullivan, Dan",Goldman Sachs,54100,1500,52600
"Sullivan, Dan",Carnival Corp,55600,12500,43100
"Sullivan, Dan",Trident Seafoods,64650,8400,56250
"Sullivan, Dan",Norfolk Southern,35000,35000,0
"Sullivan, Dan",Union Pacific Corp,35000,35000,0
"Sullivan, Dan",AT&T Inc,33141,33000,141
"Sullivan, Dan",Deloitte LLP,32788,30000,2788
"Sullivan, Dan",Blank Rome LLP,25100,13500,11600
"Sullivan, Dan",Cohen Group,25157,0,25157
"Sullivan, Dan",Pinnacle West Capital,25300,22500,2800
"Sullivan, Dan",Axiom International Investors,25400,0,25400
"Sullivan, Dan",Alaska Riverways Inc,25500,0,25500
"Sullivan, Dan",Franklin Resources,25800,0,25800
"Sullivan, Dan",Blackstone Group,25900,0,25900
"Sullivan, Dan","Paul, Weiss et al",25950,0,25950
"Sullivan, Dan",DISH Network,26400,18000,8400
"Sullivan, Dan",Laborers Union,28000,28000,0
"Sullivan, Dan",Bridgecare Hospital,15600,0,15600
"Sullivan, Dan",Alaska Air Group,28290,17500,10790
"Sullivan, Dan",NCTA The Internet & Television Assn,29250,29000,250
"Sullivan, Dan",Gci Communication,29554,0,29554
"Sullivan, Dan",CSX Corp,30000,30000,0
"Sullivan, Dan","Bryan, Cave et al",30500,30500,0
"Sullivan, Dan",Citizens for Prosperity in America Today,30554,7554,23000
"Sullivan, Dan",Northwest Alaska Native Assn,30750,30500,250
"Sullivan, Dan",Delta Air Lines,30925,30000,925
"Sullivan, Dan",Wine & Spirits Wholesalers of America,31000,31000,0
"Sullivan, Dan",General Dynamics,31625,31500,125
"Sullivan, Dan",Comcast Corp,32060,32000,60
"Sullivan, Dan",Lynden Inc,28850,0,28850
"Sullivan, Dan",Google Inc,15400,12500,2900
"Sullivan, Dan",Qurate Retail,82090,30000,52090
"Tester, Jon",Sares-Regis Group,27000,0,27000
"Tester, Jon",US Senate,31630,0,31630
"Tester, Jon",Operating Engineers Union,32000,30000,2000
"Tester, Jon",First Interstate BancSystem,32260,0,32260
"Tester, Jon",City National Bank,32410,0,32410
"Tester, Jon",American Trucking Assns,32500,32500,0
"Tester, Jon",Power Rogers LLP,32650,0,32650
"Tester, Jon",DreamWorks SKG,32688,0,32688
"Tester, Jon",General Motors,32887,23500,9387
"Tester, Jon",Subject Matter,33300,0,33300
"Tester, Jon",TCF Financial,33400,5000,28400
"Tester, Jon",Stanford University,33612,0,33612
"Tester, Jon",Forbes Tate Partners,34000,0,34000
"Tester, Jon",Sanofi,34509,33500,1009
"Tester, Jon",Bergman Draper Oslund,34900,0,34900
"Tester, Jon",National Assn of Letter Carriers,35000,35000,0
"Tester, Jon",Air Line Pilots Assn,35060,35000,60
"Tester, Jon",National Community Pharmacists Assn,35500,35000,500
"Tester, Jon",American Hospital Assn,35760,31500,4260
"Tester, Jon",General Dynamics,35868,35000,868
"Tester, Jon",Lockheed Martin,36296,32000,4296
"Tester, Jon",US Bancorp,36470,32500,3970
"Tester, Jon",NCTA The Internet & Television Assn,31536,30000,1536
"Tester, Jon",Laborers Union,37000,36500,500
"Tester, Jon",American Assn for Justice,31500,31000,500
"Tester, Jon",Verizon Communications,31374,30500,874
"Tester, Jon",AFLAC Inc,27000,27000,0
"Tester, Jon","Newmark, Grubb et al",27025,0,27025
"Tester, Jon",Centerview Partners,27250,0,27250
"Tester, Jon",Norfolk Southern,27525,27500,25
"Tester, Jon",Union Pacific Corp,27555,27500,55
"Tester, Jon",American Property Casualty Insurance Assn,28000,28000,0
"Tester, Jon",American Physical Therapy Assn,28000,28000,0
"Tester, Jon",Shakopee Mdewakanton Sioux Community,28300,0,28300
"Tester, Jon",iHeartMedia Inc,28720,26000,2720
"Tester, Jon",Billings Clinic,28884,0,28884
"Tester, Jon",TIAA,29054,28000,1054
"Tester, Jon",American Institute of CPAs,29100,29000,100
"Tester, Jon",Depository Trust & Clearing Corp,29500,29500,0
"Tester, Jon",Capitol Counsel,29600,0,29600
"Tester, Jon",Heartland Realty Investors,29700,0,29700
"Tester, Jon","Kleiner, Perkins et al",29705,0,29705
"Tester, Jon",National Beer Wholesalers Assn,30000,30000,0
"Tester, Jon",Consumer Bankers Assn,30000,30000,0
"Tester, Jon",USAA,30010,30000,10
"Tester, Jon",Confederated Salish & Kootenai Tribes,30491,0,30491
"Tester, Jon",CSX Corp,30508,30000,508
"Tester, Jon",Tiber Creek Group,31400,0,31400
"Tester, Jon",League of Conservation Voters,523645,15946,507699
"Tester, Jon",Council for a Livable World,37049,200,36849
"Tester, Jon",American Express,37401,37000,401
"Tester, Jon",Walt Disney Co,50271,3500,46771
"Tester, Jon",University of California,50749,0,50749
"Tester, Jon",University of Montana,51207,0,51207
"Tester, Jon","Robbins, Geller et al",51400,0,51400
"Tester, Jon",Citigroup Inc,54210,13500,40710
"Tester, Jon",Fidelity Investments,54515,26500,28015
"Tester, Jon",Montana State University,54545,0,54545
"Tester, Jon",Simmons Hanly Conroy,54550,0,54550
"Tester, Jon",National Assn of Broadcasters,57000,38500,18500
"Tester, Jon",State of Montana,64394,0,64394
"Tester, Jon",Visa Inc,64943,40000,24943
"Tester, Jon",JPMorgan Chase & Co,65088,37500,27588
"Tester, Jon",Votesane PAC,65750,0,65750
"Tester, Jon",Microsoft Corp,67018,31000,36018
"Tester, Jon",MetLife Inc,69637,33000,36637
"Tester, Jon","Paul, Weiss et al",70388,0,70388
"Tester, Jon",Charter Communications,78938,41000,37938
"Tester, Jon",AT&T Inc,80662,31500,49162
"Tester, Jon",Blue Cross/Blue Shield,89244,66000,23244
"Tester, Jon",Comcast Corp,90965,40000,50965
"Tester, Jon",Berkshire Hathaway,94790,45000,49790
"Tester, Jon",Alphabet Inc,48113,30000,18113
"Tester, Jon",KPMG LLP,37213,36000,1213
"Tester, Jon",Deloitte LLP,47966,45000,2966
"Tester, Jon",Democratic Senatorial Campaign Cmte,47400,47400,0
"Tester, Jon",National Assn of Real Estate Investment Trusts,37500,37500,0
"Tester, Jon",Mortgage Bankers Assn,37500,37500,0
"Tester, Jon","Williams, Hart et al",37800,0,37800
"Tester, Jon",United Parcel Service,38684,37000,1684
"Tester, Jon",National Assn of Realtors,39025,39000,25
"Tester, Jon",Altria Group,39211,36500,2711
"Tester, Jon",National Multifamily Housing Council,40000,40000,0
"Tester, Jon",Merck & Co,40103,35000,5103
"Tester, Jon",Independent Community Bankers of America,40250,39000,1250
"Tester, Jon",International Brotherhood of Electrical Workers,40764,40000,764
"Tester, Jon",Pechanga Band of Luiseno Mission Indians,40800,0,40800
"Tester, Jon",Honeywell International,41191,35000,6191
"Tester, Jon",American Bankers Assn,42650,40000,2650
"Tester, Jon",UnitedHealth Group,42838,35000,7838
"Tester, Jon",Northrop Grumman,44170,43000,1170
"Tester, Jon",Pfizer Inc,45358,31000,14358
"Tester, Jon",Motley Rice LLC,45400,0,45400
"Tester, Jon",Blackstone Group,45810,0,45810
"Tester, Jon",America's Credit Unions,46250,46000,250
"Tester, Jon","Brownstein, Hyatt et al",46410,12000,34410
"Tester, Jon",FedEx Corp,46424,40000,6424
"Tester, Jon",Delta Air Lines,47746,35000,12746
"Tester, Jon",Capital Group Companies,106935,41500,65435
"Tester, Jon",Goldman Sachs,171855,36000,135855
"Thune, John",NextEra Energy,99700,32000,67700
"Thune, John",Aircraft Owners & Pilots Assn,31500,31500,0
"Thune, John",AFLAC Inc,31500,31500,0
"Thune, John",National Apartment Assn,32500,32500,0
"Thune, John",Merck & Co,32500,32500,0
"Thune, John",American Institute of CPAs,32500,32500,0
"Thune, John",National Venture Capital Assn,33000,33000,0
"Thune, John",Microsoft Corp,33000,30000,3000
"Thune, John",CSX Corp,33000,33000,0
"Thune, John",National Assn of Mutual Insurance Companies,33500,33500,0
"Thune, John",CGCN Group,33500,0,33500
"Thune, John",National Assn of Real Estate Investment Trusts,34000,34000,0
"Thune, John",Council of Insurance Agents & Brokers,34000,34000,0
"Thune, John",Capital One Financial,34000,34000,0
"Thune, John","National Stone, Sand & Gravel Assn",35000,35000,0
"Thune, John",Intel Corp,35000,35000,0
"Thune, John",General Motors,35000,35000,0
"Thune, John",American Hotel & Lodging Assn,35000,35000,0
"Thune, John",Abbott Laboratories,35000,35000,0
"Thune, John",Google Inc,35100,24500,10600
"Thune, John",Truck Renting & Leasing Assn,35200,35200,0
"Thune, John",Mortgage Bankers Assn,35500,35500,0
"Thune, John",American Medical Assn,31500,31500,0
"Thune, John",US Travel Assn,36000,36000,0
"Thune, John",Northwest Excavating,31400,0,31400
"Thune, John",American Express,30900,30000,900
"Thune, John",PricewaterhouseCoopers,27500,26500,1000
"Thune, John",American Waterways Operators,27500,27500,0
"Thune, John",American Academy of Dermatology Assn,27500,27500,0
"Thune, John",Amazon.com,27502,27500,2
"Thune, John",CVS Health,28050,27500,550
"Thune, John",General Dynamics,28250,27000,1250
"Thune, John",National Business Aviation Assn,28500,26000,2500
"Thune, John",Delta Air Lines,28625,28500,125
"Thune, John",Kansas City Southern,28799,19999,8800
"Thune, John",Carnival Corp,29100,0,29100
"Thune, John",Sanford Health,29191,0,29191
"Thune, John",Wine & Spirits Wholesalers of America,29499,29499,0
"Thune, John",Genesee & Wyoming,29800,21000,8800
"Thune, John",USAA,30000,30000,0
"Thune, John",Union Pacific Corp,30000,30000,0
"Thune, John",National Football League,30000,30000,0
"Thune, John",Independent Community Bankers of America,30500,30500,0
"Thune, John",American Dental Assn,30500,30500,0
"Thune, John",Southern Co,30505,30500,5
"Thune, John",Home Depot,30525,30500,25
"Thune, John","Akin, Gump et al",30750,13000,17750
"Thune, John",iHeartMedia Inc,31000,31000,0
"Thune, John",Deloitte LLP,36332,35000,1332
"Thune, John",Mickelson & Co,27100,0,27100
"Thune, John",Sinclair Broadcast Group,37250,7000,30250
"Thune, John",Experian,42000,42000,0
"Thune, John",T-Mobile USA,42500,42500,0
"Thune, John",FedEx Corp,42825,32000,10825
"Thune, John",Goldman Sachs,43100,32500,10600
"Thune, John",Poet LLC,45400,27500,17900
"Thune, John",National Assn of Realtors,46990,46990,0
"Thune, John",Pfizer Inc,47500,47500,0
"Thune, John",Wiley Rein LLP,47950,0,47950
"Thune, John",NCTA The Internet & Television Assn,48500,40000,8500
"Thune, John",Charter Communications,48500,46500,2000
"Thune, John",Schneider National,50600,32000,18600
"Thune, John",New York Life Insurance,50933,6000,44933
"Thune, John",Comcast Corp,56200,40000,16200
"Thune, John",National Assn of Broadcasters,56500,41500,15000
"Thune, John",Telephone & Data Systems Inc,56800,45000,11800
"Thune, John",Northrop Grumman,62420,61500,920
"Thune, John",Verizon Communications,65150,46000,19150
"Thune, John",AT&T Inc,66005,45000,21005
"Thune, John",Prudential Financial,68000,45000,23000
"Thune, John",Arizona Tile,68500,0,68500
"Thune, John",Blackstone Group,72700,5000,67700
"Thune, John",Blue Cross/Blue Shield,41500,37500,4000
"Thune, John",WPP plc,41350,2000,39350
"Thune, John",1st Financial Bank USA,41000,0,41000
"Thune, John",National Air Traffic Controllers Assn,41000,41000,0
"Thune, John",United Parcel Service,37500,37500,0
"Thune, John",Marathon Petroleum,37500,37500,0
"Thune, John",American Hospital Assn,37500,37500,0
"Thune, John",Altria Group,37500,37500,0
"Thune, John",Air Line Pilots Assn,37500,37500,0
"Thune, John",Fierce Government Relations,37700,0,37700
"Thune, John",RTX Corp,38000,38000,0
"Thune, John",Berkshire Hathaway,39000,38500,500
"Thune, John",Walt Disney Co,39760,37500,2260
"Thune, John",Ford Motor Co,39775,39500,275
"Thune, John",Capital Group Companies,118900,41000,77900
"Thune, John",National Multifamily Housing Council,40000,40000,0
"Thune, John",National Assn of Home Builders,40000,40000,0
"Thune, John",National Assn of Convenience Stores,40000,40000,0
"Thune, John",Independent Insurance Agents & Brokers of America,40000,40000,0
"Thune, John",California Dairies Inc,40000,40000,0
"Thune, John",Automotive Free International Trade PAC,40000,40000,0
"Thune, John",Lockheed Martin,40005,40000,5
"Thune, John",Walmart Inc,40011,40000,11
"Thune, John",Honeywell International,40500,40500,0
"Thune, John",Norfolk Southern,40800,35000,5800
"Thune, John",Sanofi US,41000,41000,0
"Thune, John",National Beer Wholesalers Assn,40000,40000,0
"Thune, John",Target Corp,27500,27500,0
"Tillis, Thom",FedEx Corp,36986,25000,11986
"Tillis, Thom",XPO Logistics,24015,0,24015
"Tillis, Thom",Nucor Corp,46238,18000,28238
"Tillis, Thom",Apollo Global Management,45691,2500,43191
"Tillis, Thom",National Republican Senatorial Cmte,45262,44600,662
"Tillis, Thom",United Parcel Service,45086,42000,3086
"Tillis, Thom",Massachusetts Mutual Life Insurance,44900,22500,22400
"Tillis, Thom",PNC Financial Services,43957,38000,5957
"Tillis, Thom",Deloitte LLP,42533,40000,2533
"Tillis, Thom",Home Depot,41955,40000,1955
"Tillis, Thom",KPMG LLP,41141,40000,1141
"Tillis, Thom",Facebook Inc,40617,12500,28117
"Tillis, Thom",Merck & Co,40498,34000,6498
"Tillis, Thom",ClearPath Foundation,40400,0,40400
"Tillis, Thom",Regions Financial,39626,27500,12126
"Tillis, Thom",Lockheed Martin,39472,30000,9472
"Tillis, Thom",Charles Schwab Corp,39465,10000,29465
"Tillis, Thom",American Bankers Assn,38995,35000,3995
"Tillis, Thom",Provenance Hotels,38500,0,38500
"Tillis, Thom",National Multifamily Housing Council,38000,38000,0
"Tillis, Thom",Google Inc,37968,25000,12968
"Tillis, Thom",Microsoft Corp,37924,31000,6924
"Tillis, Thom",Berkshire Hathaway,37536,25000,12536
"Tillis, Thom",JPMorgan Chase & Co,46482,26000,20482
"Tillis, Thom",American Institute of CPAs,37500,37500,0
"Tillis, Thom",Elliott Management,46900,0,46900
"Tillis, Thom",AT&T Inc,47585,43000,4585
"Tillis, Thom",Truist Financial,104360,34000,70360
"Tillis, Thom",Blackstone Group,93311,0,93311
"Tillis, Thom",Duke Energy,87139,36000,51139
"Tillis, Thom",Live Oak Bank,77950,10000,67950
"Tillis, Thom",Fidelity Investments,74454,28500,45954
"Tillis, Thom",Charter Communications,73866,30000,43866
"Tillis, Thom",Goldman Sachs,70975,22500,48475
"Tillis, Thom",Bank of America,68890,21000,47890
"Tillis, Thom",Altria Group,68460,40000,28460
"Tillis, Thom",Capital Group Companies,64149,25000,39149
"Tillis, Thom",Wells Fargo,59869,15000,44869
"Tillis, Thom",Comcast Corp,58169,40000,18169
"Tillis, Thom",McGuireWoods LLP,56675,11000,45675
"Tillis, Thom",UBS AG,55574,40000,15574
"Tillis, Thom",AbbVie Inc,54459,32500,21959
"Tillis, Thom",PricewaterhouseCoopers,53079,40000,13079
"Tillis, Thom",Pfizer Inc,52090,29500,22590
"Tillis, Thom",Quicken Loans,50925,10000,40925
"Tillis, Thom",Northrop Grumman,48908,40000,8908
"Tillis, Thom",Honeywell International,48185,40000,8185
"Tillis, Thom",Prudential Financial,47596,22500,25096
"Tillis, Thom",Amgen Inc,46935,29500,17435
"Tillis, Thom",Biogen,24000,21500,2500
"Tillis, Thom",Dominion Energy,37136,21500,15636
"Tillis, Thom",NCTA The Internet & Television Assn,36000,33000,3000
"Tillis, Thom",ITG Brands,28475,20000,8475
"Tillis, Thom",New York Life Insurance,27826,25000,2826
"Tillis, Thom",National Assn of Real Estate Investment Trusts,27000,27000,0
"Tillis, Thom",American Express,26195,26000,195
"Tillis, Thom",Independent Community Bankers of America,26000,26000,0
"Tillis, Thom",Lowe's Companies,25940,22500,3440
"Tillis, Thom",Civic Service Inc,25400,0,25400
"Tillis, Thom",Koch Industries,25315,20000,5315
"Tillis, Thom",Randy Marion Automotive Group,25300,0,25300
"Tillis, Thom",Walmart Inc,25270,18000,7270
"Tillis, Thom",Southern Co,25255,25000,255
"Tillis, Thom",Greenhill & Co,25200,0,25200
"Tillis, Thom",Lovell Minnick Partners,25200,0,25200
"Tillis, Thom",Amazon.com,25083,15000,10083
"Tillis, Thom",Automotive Free International Trade PAC,25000,25000,0
"Tillis, Thom",National Restaurant Assn,25000,25000,0
"Tillis, Thom",Amscot Financial,24900,0,24900
"Tillis, Thom",New Mountain Capital,24400,0,24400
"Tillis, Thom",Anywhere Real Estate,24249,0,24249
"Tillis, Thom",DISH Network,24200,13000,11200
"Tillis, Thom",Capitol Counsel,24033,0,24033
"Tillis, Thom",National Assn of Realtors,28500,25000,3500
"Tillis, Thom",Ernst & Young,36268,30000,6268
"Tillis, Thom",Outdoor Amusement Business Assn,29000,27500,1500
"Tillis, Thom",Delta Air Lines,29229,23500,5729
"Tillis, Thom",Citizens Financial Group,35907,8000,27907
"Tillis, Thom",CSX Corp,35300,35000,300
"Tillis, Thom",Premier Inc,35136,15000,20136
"Tillis, Thom",UnitedHealth Group,35053,28500,6553
"Tillis, Thom",General Dynamics,35049,33500,1549
"Tillis, Thom",American Hotel & Lodging Assn,35000,35000,0
"Tillis, Thom",Brighthouse Financial,35000,0,35000
"Tillis, Thom",California Dairies Inc,32500,32500,0
"Tillis, Thom",Kirkland & Ellis,32300,0,32300
"Tillis, Thom",Stedman West Interests,32000,0,32000
"Tillis, Thom",Wine & Spirits Wholesalers of America,32000,32000,0
"Tillis, Thom",Lm Restaurants,31800,0,31800
"Tillis, Thom",Advance Auto Parts,31603,0,31603
"Tillis, Thom",EmergeOrtho,31569,10000,21569
"Tillis, Thom","Akin, Gump et al",31130,13000,18130
"Tillis, Thom","Brownstein, Hyatt et al",31013,6000,25013
"Tillis, Thom",Prestage Farms,30810,0,30810
"Tillis, Thom",American Society of Anesthesiologists,30000,30000,0
"Tillis, Thom",Mortgage Bankers Assn,30000,30000,0
"Tillis, Thom",Genworth Financial,29850,13200,16650
"Tillis, Thom",Roche Holdings,29675,22500,7175
"Tillis, Thom",BGR Group,29200,0,29200
"Tillis, Thom",British American Tobacco,117125,50000,67125
"Toomey, Pat",Club for Growth,401234,918,400316
"Toomey, Pat",Chevron Corp,35900,12000,23900
"Toomey, Pat",AmerisourceBergen Corp,29500,12500,17000
"Toomey, Pat",Woodbranch Investments,30000,0,30000
"Toomey, Pat",Rothman Institute,30200,5400,24800
"Toomey, Pat",Madison Dearborn Partners,30300,0,30300
"Toomey, Pat",Jones Day,31250,0,31250
"Toomey, Pat",TCF Financial,31500,17500,14000
"Toomey, Pat",National Assn of Real Estate Investment Trusts,31500,31500,0
"Toomey, Pat",Carlyle Group,31550,3000,28550
"Toomey, Pat",KPMG LLP,32000,30500,1500
"Toomey, Pat",AegisPAC,32500,0,32500
"Toomey, Pat",Abbott Laboratories,32604,31019,1585
"Toomey, Pat",Northwestern Mutual,32975,21500,11475
"Toomey, Pat","Buchanan, Ingersoll & Rooney",33250,10000,23250
"Toomey, Pat",Credit Suisse Group,33400,25000,8400
"Toomey, Pat",Capital One Financial,33500,33500,0
"Toomey, Pat",FedEx Corp,33635,22500,11135
"Toomey, Pat",Northrop Grumman,34385,27500,6885
"Toomey, Pat",Universal Health Services,34466,5000,29466
"Toomey, Pat",Sanofi,34525,33000,1525
"Toomey, Pat",Fulton Financial,34600,7000,27600
"Toomey, Pat",Honeywell International,34785,33500,1285
"Toomey, Pat",Independent Community Bankers of America,29000,29000,0
"Toomey, Pat",Deloitte LLP,35185,30000,5185
"Toomey, Pat",American Financial Group,28900,0,28900
"Toomey, Pat",American Land Title Assn,28500,28500,0
"Toomey, Pat",Merck & Co,24430,23000,1430
"Toomey, Pat",Atlas Air Worldwide,24500,24500,0
"Toomey, Pat",Bentley Systems,24550,-5000,29550
"Toomey, Pat",Koch Industries,24600,16500,8100
"Toomey, Pat",CDL Nuclear Technologies,24700,0,24700
"Toomey, Pat",Valero Energy,25000,25000,0
"Toomey, Pat",National Multifamily Housing Council,25000,25000,0
"Toomey, Pat",AFLAC Inc,25000,25000,0
"Toomey, Pat",Koch Inc,25400,20000,5400
"Toomey, Pat",UPMC Health System,25548,0,25548
"Toomey, Pat",Tristate Capital Bank,25795,0,25795
"Toomey, Pat",S&P Global,26000,14000,12000
"Toomey, Pat",Charles Schwab Corp,26100,13000,13100
"Toomey, Pat",Humana Inc,26500,25000,1500
"Toomey, Pat",Paul Hastings LLP,26700,23500,3200
"Toomey, Pat",Chubb INA,26800,26800,0
"Toomey, Pat",SEI Investments,27100,0,27100
"Toomey, Pat",Ellwood Group,27250,0,27250
"Toomey, Pat",Quicken Loans,27400,0,27400
"Toomey, Pat",Otis Eastern,28225,0,28225
"Toomey, Pat",Rite Aid Corp,28500,5000,23500
"Toomey, Pat","Faegre, Drinker et al",28855,11000,17855
"Toomey, Pat",Berkshire Hathaway,23906,16500,7406
"Toomey, Pat",DaVita Inc,36225,21000,15225
"Toomey, Pat",Bank of New York Mellon,36670,15500,21170
"Toomey, Pat",Federated Investors Inc,54650,4400,50250
"Toomey, Pat",JPMorgan Chase & Co,55425,32750,22675
"Toomey, Pat",Cigna Corp,56155,38000,18155
"Toomey, Pat",MetLife Inc,56700,17000,39700
"Toomey, Pat",AT&T Inc,57320,54000,3320
"Toomey, Pat",Pfizer Inc,57370,28000,29370
"Toomey, Pat",CVS Health,65310,39000,26310
"Toomey, Pat",Truist Financial,66050,33000,33050
"Toomey, Pat",Blue Cross/Blue Shield,66625,45500,21125
"Toomey, Pat",Wells Fargo,67925,14500,53425
"Toomey, Pat","Paul, Weiss et al",69300,0,69300
"Toomey, Pat",Fidelity Investments,70150,16500,53650
"Toomey, Pat",Apollo Global Management,76000,0,76000
"Toomey, Pat",Blackstone Group,77500,2500,75000
"Toomey, Pat",Exelon Corp,78985,20500,58485
"Toomey, Pat",Capital Group Companies,80500,36000,44500
"Toomey, Pat",PPL Corp,81572,32500,49072
"Toomey, Pat",Select Medical Corp,84854,30000,54854
"Toomey, Pat",Comcast Corp,91675,37500,54175
"Toomey, Pat",Goldman Sachs,120929,36500,84429
"Toomey, Pat",PNC Financial Services,162480,65000,97480
"Toomey, Pat",Elliott Management,54500,0,54500
"Toomey, Pat",CrossAmerica Partners,36400,0,36400
"Toomey, Pat",Bank of America,51435,10000,41435
"Toomey, Pat",Massachusetts Mutual Life Insurance,50650,27500,23150
"Toomey, Pat",Victaulic,37799,0,37799
"Toomey, Pat",National Assn of Realtors,38000,38000,0
"Toomey, Pat",Morgan Stanley,38350,4000,34350
"Toomey, Pat",Mortgage Bankers Assn,39000,39000,0
"Toomey, Pat",Wine & Spirits Wholesalers of America,39999,39999,0
"Toomey, Pat",Wawa Inc,40380,14000,26380
"Toomey, Pat",American Institute of CPAs,40500,40500,0
"Toomey, Pat",PricewaterhouseCoopers,41015,28000,13015
"Toomey, Pat",UnitedHealth Group,41250,22500,18750
"Toomey, Pat",FS Investments,41550,17500,24050
"Toomey, Pat",AQR Capital Management,43100,0,43100
"Toomey, Pat",Independent Insurance Agents & Brokers of America,43500,43500,0
"Toomey, Pat",Penske Corp,45000,14000,31000
"Toomey, Pat",KKR & Co,45625,4200,41425
"Toomey, Pat",Asplundh Tree Expert Co,45800,15000,30800
"Toomey, Pat",Prudential Financial,46325,25000,21325
"Toomey, Pat",Verizon Communications,46470,24000,22470
"Toomey, Pat",National Republican Senatorial Cmte,46800,46800,0
"Toomey, Pat",Citigroup Inc,48100,17500,30600
"Toomey, Pat",US Bancorp,48120,36000,12120
"Toomey, Pat",American Bankers Assn,49225,40000,9225
"Toomey, Pat",Duane Morris LLP,50955,29465,21490
"Toomey, Pat",Google Inc,23900,17000,6900
"Tuberville, Tommy",Hometown Lenders,76300,0,76300
"Tuberville, Tommy",Signature Utility Services LLC,11200,0,11200
"Tuberville, Tommy",Ascent Residential,18600,0,18600
"Tuberville, Tommy",US Peanut PAC,18500,18500,0
"Tuberville, Tommy",Monte Sano Research,18450,0,18450
"Tuberville, Tommy",Brasfield & Gorrie,18350,0,18350
"Tuberville, Tommy",Southern Co,17860,15000,2860
"Tuberville, Tommy",Flora-Bama Lounge,17800,0,17800
"Tuberville, Tommy",Telapex Inc,17600,7300,10300
"Tuberville, Tommy",Smith'S,17400,0,17400
"Tuberville, Tommy",Southern States Bank,17330,0,17330
"Tuberville, Tommy",Nucor Corp,17275,6000,11275
"Tuberville, Tommy",Brett Robinson Real Estate,16800,0,16800
"Tuberville, Tommy",Econo-Med Inc,16800,0,16800
"Tuberville, Tommy",Protective Life Corp,16800,10000,6800
"Tuberville, Tommy",Southern Waste Systems,16800,0,16800
"Tuberville, Tommy",Stephens Inc,16400,5000,11400
"Tuberville, Tommy",Caterpillar Inc,16210,5000,11210
"Tuberville, Tommy",Colormasters,16000,0,16000
"Tuberville, Tommy",McVantage Companies,16000,0,16000
"Tuberville, Tommy",Stone Martin Builders,16000,0,16000
"Tuberville, Tommy",Pepsi Cola Bottling Decatur,15600,0,15600
"Tuberville, Tommy",Reed Contracting,15600,0,15600
"Tuberville, Tommy",Kelly Seed Co,18800,0,18800
"Tuberville, Tommy",Blue Cross/Blue Shield,15186,15000,186
"Tuberville, Tommy",HighPoint Holdings,19050,0,19050
"Tuberville, Tommy",D&J Enterprises,19800,0,19800
"Tuberville, Tommy",Club for Growth,67896,0,67896
"Tuberville, Tommy",Drummond Co,46900,18000,28900
"Tuberville, Tommy",National Republican Senatorial Cmte,44600,44600,0
"Tuberville, Tommy",Collazo Enterprises,39010,0,39010
"Tuberville, Tommy",Wellborn Cabinet,33000,0,33000
"Tuberville, Tommy",Radiance Technologies,29500,8000,21500
"Tuberville, Tommy",Long Brothers LLC,27592,0,27592
"Tuberville, Tommy",Home Depot,26383,15000,11383
"Tuberville, Tommy",Breland Homes,25900,0,25900
"Tuberville, Tommy",Willbrook Solutions,24700,0,24700
"Tuberville, Tommy",Broadway Group,23900,0,23900
"Tuberville, Tommy",Great Southern Wood Preserving,23600,0,23600
"Tuberville, Tommy",Auburn University,23410,0,23410
"Tuberville, Tommy",Trivector Services,23100,0,23100
"Tuberville, Tommy",Proshot Concrete,22600,0,22600
"Tuberville, Tommy",Smith's Inc of Dothan,21800,0,21800
"Tuberville, Tommy",Ona Atlanta,21600,0,21600
"Tuberville, Tommy",Woodland Homes,20850,0,20850
"Tuberville, Tommy",Alabama Farmers Federation,20000,20000,0
"Tuberville, Tommy","Beasley, Allen et al",20000,0,20000
"Tuberville, Tommy",Best Auto Sales,20000,0,20000
"Tuberville, Tommy",Medical Properties Trust,19800,0,19800
"Tuberville, Tommy",FedEx Corp,15015,5000,10015
"Tuberville, Tommy",Conference America,19600,0,19600
"Tuberville, Tommy",Responsibility & Freedom Work PAC,15000,15000,0
"Tuberville, Tommy",Bradley,12250,10000,2250
"Tuberville, Tommy",Lesco Logistics,12200,0,12200
"Tuberville, Tommy",National Distributing Co,12200,0,12200
"Tuberville, Tommy","City of Mobile, AL",12150,0,12150
"Tuberville, Tommy",S3 Inc,11900,0,11900
"Tuberville, Tommy",Balch & Bingham,11800,6000,5800
"Tuberville, Tommy",Columbiana Tractor LLC,11600,0,11600
"Tuberville, Tommy",AGM Consulting Services,11400,0,11400
"Tuberville, Tommy",University of Alabama,11205,0,11205
"Tuberville, Tommy",4m Research,11200,0,11200
"Tuberville, Tommy",Edison Chouest Offshore,12400,0,12400
"Tuberville, Tommy",Bob Loquercio Auto Group,11200,0,11200
"Tuberville, Tommy",Continental Pacific LLC,11200,0,11200
"Tuberville, Tommy",Crowne Management,11200,0,11200
"Tuberville, Tommy",Electronic Supply Co,11200,0,11200
"Tuberville, Tommy",Franklin L Haney Co,11200,0,11200
"Tuberville, Tommy",Nelson Brothers LLC,11200,0,11200
"Tuberville, Tommy",P&S Transportation,11200,0,11200
"Tuberville, Tommy",Premier Kings,11200,0,11200
"Tuberville, Tommy",Rdv Corp,11200,0,11200
"Tuberville, Tommy",Sequoia Capital,11200,0,11200
"Tuberville, Tommy","Maynard, Cooper & Gale",15000,12500,2500
"Tuberville, Tommy",Brumleu Investments LP,11200,0,11200
"Tuberville, Tommy",State of Alabama,12420,0,12420
"Tuberville, Tommy",Sparks Energy,11200,0,11200
"Tuberville, Tommy",National Cotton Council,12500,12500,0
"Tuberville, Tommy",Aaa Cooper Transportation,14300,0,14300
"Tuberville, Tommy",Publix Super Markets,14200,2500,11700
"Tuberville, Tommy",Jim Wilson & Assoc,14100,0,14100
"Tuberville, Tommy",Teledyne Technologies,14100,0,14100
"Tuberville, Tommy",Ballard Partners,14000,0,14000
"Tuberville, Tommy",Espy Co,14000,0,14000
"Tuberville, Tommy",Kellett Investment Corp,14000,0,14000
"Tuberville, Tommy",Kent Companies,14000,0,14000
"Tuberville, Tommy",Quantum Energy Partners,14000,0,14000
"Tuberville, Tommy",Ray Keller Lumber & Logging,13920,0,13920
"Tuberville, Tommy",Saiia Construction,14650,0,14650
"Tuberville, Tommy",Colonial Co (Alabama),13700,0,13700
"Tuberville, Tommy",Trideum Corp,13900,0,13900
"Tuberville, Tommy",American Peanut Shellers Assn,12500,12500,0
"Tuberville, Tommy",Five Stones Research,12800,0,12800
"Tuberville, Tommy",Southern Risk Services LLC,13004,0,13004
"Tuberville, Tommy",J&A Inc,12500,0,12500
"Tuberville, Tommy",Scientific Research Corp,13500,0,13500
"Tuberville, Tommy",Dese Research,13500,0,13500
"Tuberville, Tommy",Mitchell Grocery,13600,0,13600
"Tuberville, Tommy",Whitaker Contracting,13700,0,13700
"Tuberville, Tommy",Community Health Systems,13400,5000,8400
"Warner, Mark",Emerson Collective,33100,0,33100
"Warner, Mark",Union Square Ventures,34800,0,34800
"Warner, Mark","Kleiner, Perkins et al",33200,0,33200
"Warner, Mark",Independent Community Bankers of America,33500,33500,0
"Warner, Mark",IBM Corp,33517,0,33517
"Warner, Mark",Kaufman & Canoles,34325,0,34325
"Warner, Mark",Lone Pine Capital,34400,0,34400
"Warner, Mark",Pinnacle West Capital,34550,20000,14550
"Warner, Mark",Accenture,34630,10500,24130
"Warner, Mark",AT&T Inc,34774,31000,3774
"Warner, Mark",Royal Bank of Canada,34800,10000,24800
"Warner, Mark",Sunset Digital Communications,36200,0,36200
"Warner, Mark",DLA Piper,35370,11500,23870
"Warner, Mark",Baupost Group,35600,0,35600
"Warner, Mark",Ernst & Young,35630,30000,5630
"Warner, Mark",NCTA The Internet & Television Assn,36600,27500,9100
"Warner, Mark",Mortgage Bankers Assn,36792,35500,1292
"Warner, Mark",New York Life Insurance,36800,30000,6800
"Warner, Mark",PricewaterhouseCoopers,36835,33000,3835
"Warner, Mark",National Assn of Real Estate Investment Trusts,37000,36000,1000
"Warner, Mark",Commonwealth of Virginia,32738,0,32738
"Warner, Mark",Massachusetts Mutual Life Insurance,37013,37000,13
"Warner, Mark",Leidos Inc,35129,21000,14129
"Warner, Mark",Marjorie Roberts Pc,32438,0,32438
"Warner, Mark",Generation Investment Management,30100,0,30100
"Warner, Mark",Monumental Sports & Entertainment,32000,0,32000
"Warner, Mark",DaVita Inc,28521,25000,3521
"Warner, Mark",American Healthcare LLC,28988,0,28988
"Warner, Mark",Pragmatics Inc,29050,12700,16350
"Warner, Mark",Ruben Companies,29100,0,29100
"Warner, Mark","Wilbanks, Smith & Thomas Asset Management",29200,0,29200
"Warner, Mark",Google Inc,29347,4700,24647
"Warner, Mark",Morrison & Foerster,29350,0,29350
"Warner, Mark",JBG Smith,29500,0,29500
"Warner, Mark",Carlyle Group,29560,0,29560
"Warner, Mark",Reed Smith LLP,29650,10500,19150
"Warner, Mark",Tellurian Inc,32100,15000,17100
"Warner, Mark",General Atlantic,29900,0,29900
"Warner, Mark",Pfizer Inc,30025,30000,25
"Warner, Mark",Merck & Co,37050,32000,5050
"Warner, Mark",US Senate,30298,0,30298
"Warner, Mark",American Bankers Assn,30388,27000,3388
"Warner, Mark",Cheniere Energy,30400,12500,17900
"Warner, Mark",BlackRock Inc,30500,10000,20500
"Warner, Mark",Windem,30800,0,30800
"Warner, Mark",1st Financial Bank USA,30800,0,30800
"Warner, Mark",Sidley Austin LLP,31183,5000,26183
"Warner, Mark",Corning Inc,31679,25500,6179
"Warner, Mark",CSX Corp,30000,30000,0
"Warner, Mark","Kellogg, Hansen et al",28850,0,28850
"Warner, Mark",Berkshire Hathaway,37193,30000,7193
"Warner, Mark",Lockheed Martin,37458,35000,2458
"Warner, Mark",Covington & Burling,57821,0,57821
"Warner, Mark",Genworth Financial,61120,10000,51120
"Warner, Mark",Aloha Partners,61900,0,61900
"Warner, Mark","Akin, Gump et al",64956,5024,59932
"Warner, Mark",Prudential Financial,68500,40000,28500
"Warner, Mark",JPMorgan Chase & Co,69093,35000,34093
"Warner, Mark",Comcast Corp,70330,40000,30330
"Warner, Mark",Vista Equity Partners,70450,0,70450
"Warner, Mark",Weinstein Properties,37200,0,37200
"Warner, Mark",Huntington Ingalls Industries,75763,40000,35763
"Warner, Mark",Deloitte LLP,76717,35000,41717
"Warner, Mark",Sullivan & Cromwell,79490,0,79490
"Warner, Mark",General Atomics,82500,25000,57500
"Warner, Mark",Columbia Capital,86198,0,86198
"Warner, Mark",Goldman Sachs,89800,35000,54800
"Warner, Mark",Altria Group,89930,40000,49930
"Warner, Mark",Amazon.com,93021,40000,53021
"Warner, Mark",Apollo Global Management,94553,5000,89553
"Warner, Mark",Norfolk Southern,97377,30000,67377
"Warner, Mark","Wachtell, Lipton et al",102466,0,102466
"Warner, Mark",Dominion Energy,143362,27389,115973
"Warner, Mark",Northrop Grumman,53629,38500,15129
"Warner, Mark",Visa Inc,53450,16000,37450
"Warner, Mark",McGuireWoods LLP,74174,25000,49174
"Warner, Mark",Hilton Worldwide,51620,26000,25620
"Warner, Mark",CVS Health,52814,28500,24314
"Warner, Mark",General Dynamics,38058,24500,13558
"Warner, Mark",National Air Traffic Controllers Assn,38500,38500,0
"Warner, Mark",American Seniors Housing Assn,38500,38500,0
"Warner, Mark",Blackstone Group,38735,0,38735
"Warner, Mark","Newmark, Grubb et al",38800,0,38800
"Warner, Mark",Investment Co Institute,39000,37500,1500
"Warner, Mark",National Multifamily Housing Council,40000,40000,0
"Warner, Mark",Honeywell International,40250,40000,250
"Warner, Mark",New Enterprise Assoc,41200,0,41200
"Warner, Mark",Abbott Laboratories,42450,37000,5450
"Warner, Mark",National Assn of Realtors,38000,35000,3000
"Warner, Mark","Paul, Weiss et al",43545,0,43545
"Warner, Mark",Capital Group Companies,46100,21000,25100
"Warner, Mark",Morgan Stanley,46245,7500,38745
"Warner, Mark",UBS AG,46950,40000,6950
"Warner, Mark",MasterCard Inc,47605,10000,37605
"Warner, Mark","Brownstein, Hyatt et al",48760,16500,32260
"Warner, Mark",Blue Cross/Blue Shield,48775,38500,10275
"Warner, Mark",Bloomberg Lp,49710,0,49710
"Warner, Mark",Microsoft Corp,50212,27500,22712
"Warner, Mark",Verizon Communications,51111,20500,30611
"Warner, Mark",Truist Financial,43295,16000,27295
"Warnock, Raphael",University of Illinois,61941,0,61941
"Warnock, Raphael",US Army,61099,0,61099
"Warnock, Raphael",University of Southern California,59234,0,59234
"Warnock, Raphael",National Amusements Inc,54752,0,54752
"Warnock, Raphael",Georgetown University,57870,0,57870
"Warnock, Raphael",Deloitte LLP,55829,0,55829
"Warnock, Raphael",Boston University,55366,0,55366
"Warnock, Raphael",US Postal Service,62189,0,62189
"Warnock, Raphael",Northwestern University,59004,0,59004
"Warnock, Raphael",University of Wisconsin,62216,0,62216
"Warnock, Raphael",University of Chicago,63648,0,63648
"Warnock, Raphael","Akin, Gump et al",63266,5000,58266
"Warnock, Raphael",Troutman Pepper,63579,0,63579
"Warnock, Raphael",King & Spalding,63582,2500,61082
"Warnock, Raphael",US Dept of Energy,64247,0,64247
"Warnock, Raphael",State of New York,64800,0,64800
"Warnock, Raphael",NVIDIA Corp,65219,0,65219
"Warnock, Raphael",JPMorgan Chase & Co,66182,0,66182
"Warnock, Raphael",University of Pennsylvania,66619,0,66619
"Warnock, Raphael",California State University,66914,0,66914
"Warnock, Raphael",Rutgers University,62322,0,62322
"Warnock, Raphael",UnitedHealth Group,54654,0,54654
"Warnock, Raphael",US Navy,45624,0,45624
"Warnock, Raphael",Sidley Austin LLP,52999,0,52999
"Warnock, Raphael",Cornell University,67520,0,67520
"Warnock, Raphael",Cox Enterprises,46157,0,46157
"Warnock, Raphael",Goldman Sachs,46350,0,46350
"Warnock, Raphael",Tufts University,46563,0,46563
"Warnock, Raphael",US Environmental Protection Agency,46882,0,46882
"Warnock, Raphael",Blackstone Group,46910,0,46910
"Warnock, Raphael",NARAL Pro-Choice America,47208,15000,32208
"Warnock, Raphael",League of Conservation Voters,47239,9575,37664
"Warnock, Raphael",US Dept of Commerce,48097,0,48097
"Warnock, Raphael",Bank of America,48150,0,48150
"Warnock, Raphael",University of Minnesota,54117,0,54117
"Warnock, Raphael",Lockheed Martin,48563,0,48563
"Warnock, Raphael",Dentons,49379,0,49379
"Warnock, Raphael",AT&T Inc,49515,0,49515
"Warnock, Raphael","City & County of San Francisco, CA",50065,0,50065
"Warnock, Raphael",Accenture,50069,0,50069
"Warnock, Raphael","Simpson, Thacher & Bartlett",50151,0,50151
"Warnock, Raphael",Salesforce.com,50244,0,50244
"Warnock, Raphael",University of Colorado,50248,0,50248
"Warnock, Raphael",Northrop Grumman,50472,0,50472
"Warnock, Raphael",Democratic Senatorial Campaign Cmte,51450,51200,250
"Warnock, Raphael",Georgia Tech,51451,0,51451
"Warnock, Raphael",Latham & Watkins,48821,0,48821
"Warnock, Raphael",New Hampshire Georgia Victory Fund,69560,0,69560
"Warnock, Raphael",US Dept of Veterans Affairs,101760,0,101760
"Warnock, Raphael",Motley Rice LLC,70548,0,70548
"Warnock, Raphael",Warner Brothers Discovery,111426,0,111426
"Warnock, Raphael",University of Maryland,112020,0,112020
"Warnock, Raphael",Columbia University,118994,0,118994
"Warnock, Raphael",Comcast Corp,119784,0,119784
"Warnock, Raphael",Walt Disney Co,123515,0,123515
"Warnock, Raphael","Paul, Weiss et al",125076,0,125076
"Warnock, Raphael",IBM Corp,132704,0,132704
"Warnock, Raphael",State of California,134087,0,134087
"Warnock, Raphael",University of Washington,138835,0,138835
"Warnock, Raphael",Harvard University,149515,0,149515
"Warnock, Raphael",Amazon.com,159162,0,159162
"Warnock, Raphael",US Dept of Health & Human Services,169610,0,169610
"Warnock, Raphael",Stanford University,170749,0,170749
"Warnock, Raphael",Kaiser Permanente,182405,0,182405
"Warnock, Raphael",US Government,188425,0,188425
"Warnock, Raphael",Apple Inc,200839,0,200839
"Warnock, Raphael",Emory University,201322,0,201322
"Warnock, Raphael",Democracy Engine,240785,0,240785
"Warnock, Raphael",Microsoft Corp,293125,0,293125
"Warnock, Raphael",JStreetPAC,399297,0,399297
"Warnock, Raphael",Alphabet Inc,581858,0,581858
"Warnock, Raphael",Meta,109032,0,109032
"Warnock, Raphael",Boeing Co,69751,0,69751
"Warnock, Raphael",City University of New York,108721,0,108721
"Warnock, Raphael","City of New York, NY",102572,0,102572
"Warnock, Raphael",Kirkland & Ellis,70692,0,70692
"Warnock, Raphael",Wells Fargo,71361,0,71361
"Warnock, Raphael",University of North Carolina,73216,0,73216
"Warnock, Raphael",Blue Cross/Blue Shield,75534,0,75534
"Warnock, Raphael",University of Texas,75925,0,75925
"Warnock, Raphael",State University of New York,76269,0,76269
"Warnock, Raphael",University of Georgia,77840,0,77840
"Warnock, Raphael",Johns Hopkins University,78951,0,78951
"Warnock, Raphael",Greenberg Traurig LLP,79916,5000,74916
"Warnock, Raphael",Duke University,82934,0,82934
"Warnock, Raphael","Lieff, Cabraser et al",86062,0,86062
"Warnock, Raphael",US Dept of Defense,86592,0,86592
"Warnock, Raphael",New York University,86669,0,86669
"Warnock, Raphael",Mass General Brigham,88272,0,88272
"Warnock, Raphael",Oracle Corp,88440,0,88440
"Warnock, Raphael",Yale University,88566,0,88566
"Warnock, Raphael",Capital Group Companies,90017,0,90017
"Warnock, Raphael",Delta Air Lines,90036,0,90036
"Warnock, Raphael",US Dept of State,90453,0,90453
"Warnock, Raphael",Massachusetts Institute of Technology,99346,0,99346
"Warnock, Raphael",University of Michigan,101316,0,101316
"Warnock, Raphael",Wilmerhale Llp,108094,0,108094
"Warnock, Raphael",University of California,521898,0,521898
"Warnock, Raphael",BlackRock Inc,43165,0,43165
"Warnock, Raphael",Home Depot,44100,0,44100
"Warren, Elizabeth",Emily's List,128682,5000,123682
"Warren, Elizabeth",Triumvirate Environmental,13600,0,13600
"Warren, Elizabeth",Siemens AG,13601,0,13601
"Warren, Elizabeth",US Postal Service,13665,0,13665
"Warren, Elizabeth",University of Wisconsin,13873,0,13873
"Warren, Elizabeth",Cisco Systems,14018,0,14018
"Warren, Elizabeth",Cornell University,14138,0,14138
"Warren, Elizabeth",Lowenstein Sandler Llp,14335,0,14335
"Warren, Elizabeth",Creative Artists Agency,15036,0,15036
"Warren, Elizabeth",AT&T Inc,15325,0,15325
"Warren, Elizabeth",Anywhere Real Estate,15411,0,15411
"Warren, Elizabeth",US Dept of Health & Human Services,15817,0,15817
"Warren, Elizabeth",University of Minnesota,16105,0,16105
"Warren, Elizabeth",Ziffren Brittenham LLP,16200,0,16200
"Warren, Elizabeth",Renaissance Technologies,16225,0,16225
"Warren, Elizabeth",Johns Hopkins University,16589,0,16589
"Warren, Elizabeth",Yale University,16707,0,16707
"Warren, Elizabeth",National Amusements Inc,16866,0,16866
"Warren, Elizabeth",US Dept of Veterans Affairs,17176,0,17176
"Warren, Elizabeth","Waters, Kraus & Paul",17200,0,17200
"Warren, Elizabeth",J Street,17206,0,17206
"Warren, Elizabeth",New York University,17243,0,17243
"Warren, Elizabeth",New Boston Ventures,13500,0,13500
"Warren, Elizabeth",Intel Corp,13458,0,13458
"Warren, Elizabeth",University of Connecticut,13174,0,13174
"Warren, Elizabeth",Service Employees International Union,13157,5000,8157
"Warren, Elizabeth",Ischemix,11000,0,11000
"Warren, Elizabeth",Elevation Partners,11000,0,11000
"Warren, Elizabeth",State of New York,11049,0,11049
"Warren, Elizabeth",Heising-Simons Foundation,11200,0,11200
"Warren, Elizabeth",University of Maryland,11485,0,11485
"Warren, Elizabeth",Michigan State University,11561,0,11561
"Warren, Elizabeth",Vanderbilt University,11678,0,11678
"Warren, Elizabeth",Power Rogers LLP,11800,0,11800
"Warren, Elizabeth","Panish, Shea & Boyle",11800,0,11800
"Warren, Elizabeth","Kemnitzer, Barron & Krieg",11800,0,11800
"Warren, Elizabeth","City & County of San Francisco, CA",12142,0,12142
"Warren, Elizabeth",Analysis Group,12180,0,12180
"Warren, Elizabeth",Planned Parenthood,12260,7,12253
"Warren, Elizabeth",Northwestern University,12369,0,12369
"Warren, Elizabeth",Alsop Louie Partners,12400,0,12400
"Warren, Elizabeth",University of Illinois,12612,0,12612
"Warren, Elizabeth",Amtrak,12835,0,12835
"Warren, Elizabeth",Beth Israel Lahey Health,12906,0,12906
"Warren, Elizabeth",Oracle Corp,12952,0,12952
"Warren, Elizabeth",University of North Carolina,12983,0,12983
"Warren, Elizabeth",Bayer AG,13033,0,13033
"Warren, Elizabeth",National Education Assn,17460,10000,7460
"Warren, Elizabeth",Columbia University,18016,0,18016
"Warren, Elizabeth",US Government,18200,0,18200
"Warren, Elizabeth",Kaiser Permanente,26154,0,26154
"Warren, Elizabeth",University of Washington,28781,0,28781
"Warren, Elizabeth",Apple Inc,29517,0,29517
"Warren, Elizabeth",Comcast Corp,29639,0,29639
"Warren, Elizabeth",State of California,30065,0,30065
"Warren, Elizabeth",University of Michigan,30262,0,30262
"Warren, Elizabeth",Microsoft Corp,30659,0,30659
"Warren, Elizabeth",Commonwealth of Massachusetts,32056,0,32056
"Warren, Elizabeth",University of Texas,32780,0,32780
"Warren, Elizabeth",Democracy Engine,33426,0,33426
"Warren, Elizabeth",City University of New York,33720,0,33720
"Warren, Elizabeth",Berger & Montague,27291,0,27291
"Warren, Elizabeth",League of Conservation Voters,34235,31,34204
"Warren, Elizabeth","Lieff, Cabraser et al",38500,0,38500
"Warren, Elizabeth",Mass General Brigham,44609,0,44609
"Warren, Elizabeth",Boston University,44946,0,44946
"Warren, Elizabeth",Stanford University,48985,0,48985
"Warren, Elizabeth",University of Massachusetts,59145,0,59145
"Warren, Elizabeth",Brown Rudnick LLP,60275,5000,55275
"Warren, Elizabeth",Massachusetts Institute of Technology,63057,0,63057
"Warren, Elizabeth",Alphabet Inc,66822,0,66822
"Warren, Elizabeth",Womencount PAC,109512,3005,106507
"Warren, Elizabeth",University of California,113819,0,113819
"Warren, Elizabeth",Warner Brothers Discovery,37548,0,37548
"Warren, Elizabeth",Lichten & Liss-Riordan,11000,0,11000
"Warren, Elizabeth",Harvard University,126214,0,126214
"Warren, Elizabeth",Salesforce.Com,25472,0,25472
"Warren, Elizabeth",Bain Capital,18839,0,18839
"Warren, Elizabeth",Amblin Partners,19116,0,19116
"Warren, Elizabeth",Social Security Administration,19568,0,19568
"Warren, Elizabeth",Impact (Schumer),20000,20000,0
"Warren, Elizabeth","Kazan, McClain et al",20230,0,20230
"Warren, Elizabeth","City of New York, NY",20678,0,20678
"Warren, Elizabeth",Tufts University,20737,0,20737
"Warren, Elizabeth",Northeastern University,21620,0,21620
"Warren, Elizabeth",State University of New York,21912,0,21912
"Warren, Elizabeth",Moveon.org,21939,5000,16939
"Warren, Elizabeth",Yelp Inc,25970,0,25970
"Warren, Elizabeth",Smith College,22173,0,22173
"Warren, Elizabeth",Baron & Budd,22525,0,22525
"Warren, Elizabeth",University of Pennsylvania,22871,0,22871
"Warren, Elizabeth",IBM Corp,22967,0,22967
"Warren, Elizabeth",Blue Cross/Blue Shield,23451,0,23451
"Warren, Elizabeth",Goulston & Storrs,23725,0,23725
"Warren, Elizabeth","Cotchett, Pitre & McCarthy",23900,0,23900
"Warren, Elizabeth",California State University,24384,0,24384
"Warren, Elizabeth",Amazon.com,24420,0,24420
"Warren, Elizabeth",Walt Disney Co,24557,0,24557
"Warren, Elizabeth",Morgan Stanley,24767,0,24767
"Warren, Elizabeth",Blue Haven Initiative,22400,0,22400
"Whitehouse, Sheldon",League of Conservation Voters,190261,21812,168449
"Whitehouse, Sheldon",Democracy Engine,83038,0,83038
"Whitehouse, Sheldon",Eugene Lee Inc,11550,0,11550
"Whitehouse, Sheldon",West Marine,14650,0,14650
"Whitehouse, Sheldon",Altshuler Berzon LLP,14700,0,14700
"Whitehouse, Sheldon",State of Rhode Island,14865,0,14865
"Whitehouse, Sheldon",Operating Engineers Local 57,15000,15000,0
"Whitehouse, Sheldon",National Assn of Letter Carriers,15000,15000,0
"Whitehouse, Sheldon","Mandell, Boisclair & Mandell",15000,0,15000
"Whitehouse, Sheldon",American Dental Assn,15000,15000,0
"Whitehouse, Sheldon",Pilot House Assoc,15400,0,15400
"Whitehouse, Sheldon",Barr Foundation,15400,0,15400
"Whitehouse, Sheldon","Chisholm, Chisholm & Kilpatrick",14525,0,14525
"Whitehouse, Sheldon",Goldman Sachs,15800,0,15800
"Whitehouse, Sheldon",National Amusements Inc,16100,6000,10100
"Whitehouse, Sheldon",DreamWorks SKG,16200,0,16200
"Whitehouse, Sheldon","Kellogg, Hansen et al",16400,0,16400
"Whitehouse, Sheldon",Anbau Enterprises,16400,0,16400
"Whitehouse, Sheldon",Island Press,17250,0,17250
"Whitehouse, Sheldon",Cencora Inc,17500,17500,0
"Whitehouse, Sheldon",Cardinal Health,17500,17500,0
"Whitehouse, Sheldon",Four Seasons Ventures,17600,0,17600
"Whitehouse, Sheldon",National Grid USA,17800,5500,12300
"Whitehouse, Sheldon",DISH Network,15800,5000,10800
"Whitehouse, Sheldon",Eleanor Briggs Phoenix Studio,14500,0,14500
"Whitehouse, Sheldon",American Federation of State/Cnty/Munic Employees,14400,14400,0
"Whitehouse, Sheldon","Akin, Gump et al",14200,4700,9500
"Whitehouse, Sheldon",Broadcast Music Inc,12000,12000,0
"Whitehouse, Sheldon",AT&T Inc,12066,6000,6066
"Whitehouse, Sheldon",Larkspur Services,12200,0,12200
"Whitehouse, Sheldon",American Federation of Teachers,12211,10000,2211
"Whitehouse, Sheldon",Brown Rudnick LLP,12250,0,12250
"Whitehouse, Sheldon",Walmart Inc,12311,12000,311
"Whitehouse, Sheldon",International Alliance Theatrical Stage Employees,12500,12500,0
"Whitehouse, Sheldon",Susman Godfrey LLP,12612,0,12612
"Whitehouse, Sheldon",Alphabet Inc,12704,8000,4704
"Whitehouse, Sheldon",Plumbers/Pipefitters Union,12800,12800,0
"Whitehouse, Sheldon",Johnson Capital Partners,12900,0,12900
"Whitehouse, Sheldon",Stone Canyon Industries,13000,0,13000
"Whitehouse, Sheldon",SAP America,13000,10500,2500
"Whitehouse, Sheldon",Painters & Allied Trades Union,13000,13000,0
"Whitehouse, Sheldon",Ironworkers Union,13000,13000,0
"Whitehouse, Sheldon",National Education Assn,13450,9750,3700
"Whitehouse, Sheldon","Halpern, Denny & Co",13500,0,13500
"Whitehouse, Sheldon",Blue Cross/Blue Shield,13565,10000,3565
"Whitehouse, Sheldon","Mandell, Schwartz & Boisclair",13600,0,13600
"Whitehouse, Sheldon",Forbes Tate Partners,13750,0,13750
"Whitehouse, Sheldon",ACF Property Management,13900,0,13900
"Whitehouse, Sheldon",Greenberg Traurig LLP,17900,9000,8900
"Whitehouse, Sheldon",Power Rogers LLP,18000,0,18000
"Whitehouse, Sheldon",National Air Traffic Controllers Assn,18000,18000,0
"Whitehouse, Sheldon",Ocean Champions,18630,11230,7400
"Whitehouse, Sheldon",Microsoft Corp,25685,20000,5685
"Whitehouse, Sheldon",DLA Piper,25700,21000,4700
"Whitehouse, Sheldon",National Assn of Broadcasters,28000,28000,0
"Whitehouse, Sheldon",PG&E Corp,29020,28770,250
"Whitehouse, Sheldon",Masimo Corp,29356,2206,27150
"Whitehouse, Sheldon",Laborers Union,30000,30000,0
"Whitehouse, Sheldon",Brown University,31582,0,31582
"Whitehouse, Sheldon","Kazan, McClain et al",32300,0,32300
"Whitehouse, Sheldon",Comcast Corp,32660,17500,15160
"Whitehouse, Sheldon",Motley Rice LLC,33475,0,33475
"Whitehouse, Sheldon","Sheet Metal, Air, Rail & Transportation Union",33500,33500,0
"Whitehouse, Sheldon",WilmerHale Llp,34839,0,34839
"Whitehouse, Sheldon",National Beer Wholesalers Assn,35000,35000,0
"Whitehouse, Sheldon",Centerbridge Partners,35400,0,35400
"Whitehouse, Sheldon",Walt Disney Co,36210,12000,24210
"Whitehouse, Sheldon",CVS Health,36535,30000,6535
"Whitehouse, Sheldon","Kleiner, Perkins et al",38900,0,38900
"Whitehouse, Sheldon",International Brotherhood of Electrical Workers,42265,38400,3865
"Whitehouse, Sheldon",American Assn for Justice,42500,40000,2500
"Whitehouse, Sheldon",Aloha Partners,47900,0,47900
"Whitehouse, Sheldon",Technology Crossover Ventures,51200,0,51200
"Whitehouse, Sheldon",Alkermes Inc,25400,15000,10400
"Whitehouse, Sheldon",Salesforce.com,11800,0,11800
"Whitehouse, Sheldon",Bauman Foundation,25400,0,25400
"Whitehouse, Sheldon",Summit Foundation,25300,0,25300
"Whitehouse, Sheldon",Cornish Assoc,18825,0,18825
"Whitehouse, Sheldon",Mount Sinai Health System,18900,0,18900
"Whitehouse, Sheldon",March Brown LLC,19130,0,19130
"Whitehouse, Sheldon",University Otolaryngology,19300,0,19300
"Whitehouse, Sheldon","Adler, Pollock & Sheehan",19650,0,19650
"Whitehouse, Sheldon",B&D Holding Di Marco Drago e C Sapa,19875,7500,12375
"Whitehouse, Sheldon",National Assn of Realtors,19890,19650,240
"Whitehouse, Sheldon",Capitol City Group,20600,0,20600
"Whitehouse, Sheldon",Emerson Collective,20800,0,20800
"Whitehouse, Sheldon",Lockheed Martin,21005,21000,5
"Whitehouse, Sheldon",Korein Tillery LLC,21200,0,21200
"Whitehouse, Sheldon",Intellectual Ventures LLC,22450,21200,1250
"Whitehouse, Sheldon",JStreetPAC,22899,5000,17899
"Whitehouse, Sheldon",General Dynamics,23055,21000,2055
"Whitehouse, Sheldon",Fay Law Group,23650,0,23650
"Whitehouse, Sheldon",Seavey Organization,23700,0,23700
"Whitehouse, Sheldon",IBM Corp,23931,0,23931
"Whitehouse, Sheldon",Larkspur Management,24380,0,24380
"Whitehouse, Sheldon",RTX Corp,24535,19500,5035
"Whitehouse, Sheldon",Eric M Kamerath & Assoc,25000,0,25000
"Whitehouse, Sheldon",Moelis & Co,25200,0,25200
"Whitehouse, Sheldon",Hard Rock Cafe,25400,0,25400
"Whitehouse, Sheldon","Pannone, Lopes et al",11650,0,11650
"Wicker, Roger",Comcast Corp,53200,39000,14200
"Wicker, Roger",Telapex Inc,126150,12500,113650
"Wicker, Roger",Microsoft Corp,34200,31500,2700
"Wicker, Roger",National Assn of Realtors,34000,34000,0
"Wicker, Roger",Walt Disney Co,34000,34000,0
"Wicker, Roger",Google Inc,33700,25000,8700
"Wicker, Roger",Corelogic Inc,32700,15000,17700
"Wicker, Roger",Edison Chouest Offshore,31200,0,31200
"Wicker, Roger",Council of Insurance Agents & Brokers,31000,30000,1000
"Wicker, Roger",NorPAC,30220,0,30220
"Wicker, Roger",Pruet Oil,29629,0,29629
"Wicker, Roger",Cox Enterprises,29000,24000,5000
"Wicker, Roger",Granite Telecommunications,27900,0,27900
"Wicker, Roger",Pan Am Equities,27900,0,27900
"Wicker, Roger",Novogradac & Co,26600,0,26600
"Wicker, Roger",Freedom Capital Partners,25400,0,25400
"Wicker, Roger",American Hotel & Lodging Assn,25000,25000,0
"Wicker, Roger",Home Depot,25000,25000,0
"Wicker, Roger",Marathon Petroleum,25000,25000,0
"Wicker, Roger",Norfolk Southern,25000,25000,0
"Wicker, Roger",US Marine Inc,25000,0,25000
"Wicker, Roger",DaVita Inc,24000,23500,500
"Wicker, Roger",Capitol Resources,23950,0,23950
"Wicker, Roger",Novocure Inc,34400,19500,14900
"Wicker, Roger",Berkshire Hathaway,74025,42500,31525
"Wicker, Roger",Cubic Corp,34800,24000,10800
"Wicker, Roger",Deloitte LLP,35045,35000,45
"Wicker, Roger",Charter Communications,52800,27000,25800
"Wicker, Roger",Huntington Ingalls Industries,51917,33500,18417
"Wicker, Roger",General Atomics,49100,25000,24100
"Wicker, Roger",Genesee & Wyoming,47100,20000,27100
"Wicker, Roger",Northrop Grumman,46025,46000,25
"Wicker, Roger",AT&T Inc,46000,45000,1000
"Wicker, Roger",DISH Network,46000,29200,16800
"Wicker, Roger",Verizon Communications,45700,42000,3700
"Wicker, Roger",Sanderson Farms,43500,0,43500
"Wicker, Roger",RTX Corp,43400,38000,5400
"Wicker, Roger",Fresenius Medical Care,42000,3500,38500
"Wicker, Roger",Air Line Pilots Assn,40000,40000,0
"Wicker, Roger",CSX Corp,40000,40000,0
"Wicker, Roger",National Multifamily Housing Council,40000,40000,0
"Wicker, Roger",NCTA The Internet & Television Assn,40000,39000,1000
"Wicker, Roger",Union Pacific Corp,40000,40000,0
"Wicker, Roger",Ergon Inc,38600,0,38600
"Wicker, Roger",T-Mobile USA,38500,38500,0
"Wicker, Roger",UBS Americas,37700,35000,2700
"Wicker, Roger",Entergy Corp,37575,34500,3075
"Wicker, Roger",Honeywell International,37500,37500,0
"Wicker, Roger",National Auto Dealers Assn,35000,35000,0
"Wicker, Roger",National Assn of Broadcasters,68850,37500,31350
"Wicker, Roger",Seafarers International Union,23500,23500,0
"Wicker, Roger",Golding Barge Line,22900,0,22900
"Wicker, Roger",WPP plc,17700,4000,13700
"Wicker, Roger",American Bankers Assn,17525,17500,25
"Wicker, Roger",Lockheed Martin,17525,17500,25
"Wicker, Roger",American Waterways Operators,17500,17500,0
"Wicker, Roger",Kirby Corp,17500,17500,0
"Wicker, Roger",Mortgage Bankers Assn,17500,17500,0
"Wicker, Roger",NTCA/Rural Broadband Assn,17500,17500,0
"Wicker, Roger",Wine & Spirits Wholesalers of America,17500,17500,0
"Wicker, Roger",Capitol Counsel,17166,0,17166
"Wicker, Roger",Lumen Technologies,17005,17000,5
"Wicker, Roger",Crowley Maritime,17000,17000,0
"Wicker, Roger",National Assn of Home Builders,17000,17000,0
"Wicker, Roger",Sinclair Broadcast Group,17000,2000,15000
"Wicker, Roger",Watco Companies,16880,0,16880
"Wicker, Roger",Edward C Levy Co,16800,0,16800
"Wicker, Roger",CTIA,16750,15000,1750
"Wicker, Roger",Morgan Stanley,16600,0,16600
"Wicker, Roger",New York Life Insurance,16500,16500,0
"Wicker, Roger",Blessey Marine Service,16200,10000,6200
"Wicker, Roger",Yates Construction,16200,0,16200
"Wicker, Roger",BGR Group,123500,0,123500
"Wicker, Roger",Toyota Motor North America,18000,18000,0
"Wicker, Roger","Akin, Gump et al",23000,8750,14250
"Wicker, Roger",National Rural Water Assn,18500,18500,0
"Wicker, Roger",Walmart Inc,19563,19500,63
"Wicker, Roger",Southern Co,22655,22500,155
"Wicker, Roger",Delta Air Lines,22550,22500,50
"Wicker, Roger",General Motors,22500,22500,0
"Wicker, Roger",International Paper,22500,22500,0
"Wicker, Roger",Massachusetts Mutual Life Insurance,22500,22500,0
"Wicker, Roger",National Beer Wholesalers Assn,22500,22500,0
"Wicker, Roger",Quicken Loans,22300,6000,16300
"Wicker, Roger",Seemann Composites,22100,0,22100
"Wicker, Roger",American Airlines,22018,15000,7018
"Wicker, Roger",iHeartMedia Inc,22000,22000,0
"Wicker, Roger",Rumsfeld Foundation,21600,0,21600
"Wicker, Roger",Harvey Gulf International Marine,21400,0,21400
"Wicker, Roger",Independent Community Bankers of America,21000,21000,0
"Wicker, Roger",Koch Industries,21000,20000,1000
"Wicker, Roger",Woodbranch Investments,20600,0,20600
"Wicker, Roger",Carnival Corp,20300,0,20300
"Wicker, Roger",Amazon.com,20002,20000,2
"Wicker, Roger",AFLAC Inc,20000,20000,0
"Wicker, Roger",American Health Care Assn,20000,20000,0
"Wicker, Roger",Automotive Free International Trade PAC,20000,20000,0
"Wicker, Roger",Center for Sportfishing Policy,20000,17500,2500
"Wicker, Roger",Cornerstone Government Affairs,19200,0,19200
"Wicker, Roger",Dunlap & Kyle,23600,0,23600
"Wyden, Ron",Providence Health & Services,28336,0,28336
"Wyden, Ron",Nike Inc,94047,35000,59047
"Wyden, Ron","Akin, Gump et al",24460,1400,23060
"Wyden, Ron",McKesson Corp,24550,22500,2050
"Wyden, Ron",United Parcel Service,24578,24542,36
"Wyden, Ron",Fresenius Medical Care,24697,10000,14697
"Wyden, Ron",Northwestern Mutual,24824,17500,7324
"Wyden, Ron",Select Medical Corp,25000,20000,5000
"Wyden, Ron",Direct Supply Inc,25000,22500,2500
"Wyden, Ron",Chubb INA,25000,8500,16500
"Wyden, Ron",Hewlett Packard Enterprise,25015,25000,15
"Wyden, Ron",International Brotherhood of Electrical Workers,25552,25000,552
"Wyden, Ron",Peter G Peterson Foundation,25600,0,25600
"Wyden, Ron",Pacific Star Corp,25600,0,25600
"Wyden, Ron",Provenance Hotels,26000,0,26000
"Wyden, Ron",Children's Research & Education Institute,26200,0,26200
"Wyden, Ron",Winged Keel Group,26500,0,26500
"Wyden, Ron",Global Partners LP,26600,0,26600
"Wyden, Ron",Eli Lilly & Co,26700,19000,7700
"Wyden, Ron",State of Oregon,26778,0,26778
"Wyden, Ron",Pacific Life Insurance,26800,20500,6300
"Wyden, Ron",American Soc/Pension Prof & Actuaries,27000,26000,1000
"Wyden, Ron",Pfizer Inc,27036,27000,36
"Wyden, Ron","Kleiner, Perkins et al",23500,0,23500
"Wyden, Ron",California Dairies Inc,27500,27500,0
"Wyden, Ron",Mortgage Bankers Assn,23500,23500,0
"Wyden, Ron",Xcel Energy,23500,23500,0
"Wyden, Ron",Blue Cross/Blue Shield,103993,65000,38993
"Wyden, Ron",Massachusetts Mutual Life Insurance,20400,20000,400
"Wyden, Ron",Merck & Co,20500,18000,2500
"Wyden, Ron",Abbott Laboratories,20500,20500,0
"Wyden, Ron",Veritas Capital,20600,12000,8600
"Wyden, Ron",Prestige Care,20700,0,20700
"Wyden, Ron",Steward Health Care,20900,4000,16900
"Wyden, Ron",Warland Investments,21000,0,21000
"Wyden, Ron","Paul, Weiss et al",21155,0,21155
"Wyden, Ron",AT&T Inc,21300,10000,11300
"Wyden, Ron",Peter J Brix Investments,21400,0,21400
"Wyden, Ron",Toyota Motor Corp,21952,21500,452
"Wyden, Ron",New York Life Insurance,22000,5000,17000
"Wyden, Ron",National Assn of Health Underwriters,22000,16500,5500
"Wyden, Ron",Amir Development,22000,0,22000
"Wyden, Ron",American Assn for Justice,22000,22000,0
"Wyden, Ron",Apollo Global Management,22110,12000,10110
"Wyden, Ron",Wilmerhale Llp,22114,0,22114
"Wyden, Ron",Sempra Energy,22500,22500,0
"Wyden, Ron",AbbVie Inc,22511,22500,11
"Wyden, Ron",Richman Group,22800,0,22800
"Wyden, Ron",National Assn of Broadcasters,23500,18500,5000
"Wyden, Ron",Amedisys Inc,27500,25000,2500
"Wyden, Ron",American Institute of CPAs,24000,24000,0
"Wyden, Ron",Deloitte LLP,28781,27500,1281
"Wyden, Ron",Cow Creek Band of Umpqua Indians,35000,0,35000
"Wyden, Ron",Huntsman Corp,36600,5000,31600
"Wyden, Ron",National Beer Wholesalers Assn,37500,37500,0
"Wyden, Ron",Greenbrier Companies,37700,0,37700
"Wyden, Ron",Amgen Inc,38425,30000,8425
"Wyden, Ron",National Assn of Realtors,38480,36980,1500
"Wyden, Ron","Welsh, Carson et al",38600,0,38600
"Wyden, Ron",FedEx Corp,39135,39000,135
"Wyden, Ron",National Multifamily Housing Council,40000,40000,0
"Wyden, Ron",National Assn of Real Estate Investment Trusts,40000,40000,0
"Wyden, Ron",National Thoroughbred Racing Assn,35000,35000,0
"Wyden, Ron",National Assn of Home Builders,40025,40000,25
"Wyden, Ron",Capitol Counsel,43200,0,43200
"Wyden, Ron",Capital Group Companies,50100,15000,35100
"Wyden, Ron",Kindred Healthcare,50600,30500,20100
"Wyden, Ron",Metlife Inc,52522,16000,36522
"Wyden, Ron",Berkshire Hathaway,61051,16000,45051
"Wyden, Ron",League of Conservation Voters,66461,4500,61961
"Wyden, Ron",Alphabet Inc,70839,22500,48339
"Wyden, Ron",DaVita Inc,77153,43500,33653
"Wyden, Ron",CVS Health,28025,28000,25
"Wyden, Ron",Intel Corp,92419,29500,62919
"Wyden, Ron",Marquis Companies,41307,0,41307
"Wyden, Ron",Wells Fargo,34303,8500,25803
"Wyden, Ron",Associated Medical Professionals,39200,0,39200
"Wyden, Ron",M Financial Group,29900,0,29900
"Wyden, Ron",DLA Piper,29738,5000,24738
"Wyden, Ron",Vibra Healthcare,34300,0,34300
"Wyden, Ron",DISH Network,29900,10000,19900
"Wyden, Ron",National Rural Electric Cooperative Assn,30000,30000,0
"Wyden, Ron",Federation of American Hospitals,30000,30000,0
"Wyden, Ron",Emerson Electric,30000,30000,0
"Wyden, Ron",American Medical Assn,30000,30000,0
"Wyden, Ron",Honeywell International,30541,30500,41
"Wyden, Ron",Brookfield Asset Management,30800,19300,11500
"Wyden, Ron",Centene Corp,31366,17500,13866
"Wyden, Ron",eBay Inc,31393,9500,21893
"Wyden, Ron",General Motors,30010,30000,10
"Wyden, Ron",BlackRock Inc,31750,6000,25750
"Wyden, Ron",AFLAC Inc,33500,33500,0
"Wyden, Ron",Citigroup Inc,31734,5000,26734
"Wyden, Ron",Verizon Communications,33130,33000,130
"Wyden, Ron",Prudential Financial,32500,7500,25000
"Wyden, Ron",Microsoft Corp,32452,24000,8452
"Wyden, Ron",American Health Care Assn,33500,22500,11000
"Wyden, Ron",Oregon Health & Science University,31812,0,31812
"Wyden, Ron",Columbia Sportswear,31775,0,31775
"Wyden, Ron",Cigna Corp,31889,20000,11889
"Young, Todd",Apogee Physicians,32400,0,32400
"Young, Todd",Amgen Inc,30550,8000,22550
"Young, Todd",Cigna Corp,30551,30000,551
"Young, Todd",National Assn of Real Estate Investment Trusts,31000,30000,1000
"Young, Todd",United Parcel Service,31929,29499,2430
"Young, Todd",Gant Travel Management,32200,0,32200
"Young, Todd",Humana Inc,32275,28000,4275
"Young, Todd",Jordan Manufacturing,32400,0,32400
"Young, Todd",Banner Engineering,32400,0,32400
"Young, Todd",Hanning & Bean Enterprises,32600,0,32600
"Young, Todd",Kocolene Development,34150,0,34150
"Young, Todd",Koch Enterprises,32800,0,32800
"Young, Todd",Abro Industries,33000,0,33000
"Young, Todd",Rogers Group,33050,0,33050
"Young, Todd",CenterPoint Energy,33210,7500,25710
"Young, Todd",Jennmar Corp,33500,0,33500
"Young, Todd",Heritage Food Service Equipment,33700,0,33700
"Young, Todd",Cardon & Assoc,33800,0,33800
"Young, Todd",Health Carousel,34000,0,34000
"Young, Todd",Wabash Valley Produce,34100,0,34100
"Young, Todd",YUM! Brands,30443,3000,27443
"Young, Todd",Grammer Industries,32700,0,32700
"Young, Todd",Berry Plastics,30200,0,30200
"Young, Todd",Pilot Corp,26700,0,26700
"Young, Todd",Cook Group,29800,0,29800
"Young, Todd",Fierce Government Relations,34300,0,34300
"Young, Todd",Mulzer Crushed Stone,26750,0,26750
"Young, Todd",Hilton Worldwide,26825,2500,24325
"Young, Todd",Alphabet Inc,26870,22000,4870
"Young, Todd",White Lodging Services,27000,0,27000
"Young, Todd",Peoplelink LLC,27000,0,27000
"Young, Todd",FedEx Corp,27055,27000,55
"Young, Todd",Royer Corp,27400,0,27400
"Young, Todd",American Hotel & Lodging Assn,27500,27500,0
"Young, Todd",UBS AG,27700,25000,2700
"Young, Todd",Honeywell International,30125,30000,125
"Young, Todd",RTW Investments,27900,0,27900
"Young, Todd",Central Indiana Corporate Partnership,28400,0,28400
"Young, Todd",Asplundh Tree Expert Co,28600,5000,23600
"Young, Todd",Maple Leaf Farms,28700,0,28700
"Young, Todd",Abbott Laboratories,28700,28500,200
"Young, Todd",Ollier Masonry,28950,0,28950
"Young, Todd",Northrop Grumman,29060,27500,1560
"Young, Todd",Spencer Enterprises,29500,0,29500
"Young, Todd",Kent Companies,29600,0,29600
"Young, Todd",Bank of Se Europe,29600,0,29600
"Young, Todd",Comcast Corp,29750,25000,4750
"Young, Todd",Pfizer Inc,28350,26000,2350
"Young, Todd",Hohlt Group,34900,0,34900
"Young, Todd",Votesane PAC,290025,0,290025
"Young, Todd",ANGI Homeservices,35400,0,35400
"Young, Todd",Irwin R Rose & Co,49400,0,49400
"Young, Todd",Pacers Sports & Entertainment,49650,0,49650
"Young, Todd",UnitedHealth Group,49660,37500,12160
"Young, Todd","Faegre, Drinker et al",50150,9000,41150
"Young, Todd",Proskauer Rose,50500,0,50500
"Young, Todd",Blackstone Group,51000,0,51000
"Young, Todd",Masimo Corp,52000,10000,42000
"Young, Todd",Kjb Inc,53200,0,53200
"Young, Todd",Padgett Inc,54500,0,54500
"Young, Todd",Deloitte LLP,55710,30000,25710
"Young, Todd",CVS Health,60575,34000,26575
"Young, Todd",LHC Group,60700,12500,48200
"Young, Todd",National Assn of Broadcasters,61280,16000,45280
"Young, Todd",Capital Group Companies,64050,15000,49050
"Young, Todd",Heritage Group,73000,0,73000
"Young, Todd",Berkshire Hathaway,82890,35000,47890
"Young, Todd",Barnes & Thornburg,84200,3500,80700
"Young, Todd",Amway/Alticor Inc,96500,2000,94500
"Young, Todd",Eli Lilly & Co,106675,29500,77175
"Young, Todd",DaVita Inc,159900,26000,133900
"Young, Todd",Crowe LLP,26325,7000,19325
"Young, Todd",Devon Energy,48200,5000,43200
"Young, Todd",National Republican Senatorial Cmte,46801,46800,1
"Young, Todd",Anthem Inc,46245,20000,26245
"Young, Todd",Energy Capital Partners,45500,0,45500
"Young, Todd",Massachusetts Mutual Life Insurance,35525,25000,10525
"Young, Todd",Marathon Petroleum,36025,36000,25
"Young, Todd",WPP plc,36700,2000,34700
"Young, Todd",Goldman Sachs,36700,10000,26700
"Young, Todd",Prescott Investors,37000,0,37000
"Young, Todd",AT&T Inc,37031,30000,7031
"Young, Todd","Mehlman, Castagnetti et al",37050,0,37050
"Young, Todd",State of Indiana,37100,0,37100
"Young, Todd",Polaris Industries,37400,2500,34900
"Young, Todd",Geo Pfau's Sons,37600,0,37600
"Young, Todd",American Senior Communities,35200,0,35200
"Young, Todd",Elwood Staffing Services,37700,0,37700
"Young, Todd",Blue Cross/Blue Shield,37825,25000,12825
"Young, Todd",Simon Property Group,37900,0,37900
"Young, Todd",Taxspeaker,38500,0,38500
"Young, Todd",Nucor Corp,39100,5000,34100
"Young, Todd",Alliance Resource Partners,39100,5000,34100
"Young, Todd",Schahet Hotels,39400,0,39400
"Young, Todd",M International,43300,0,43300
"Young, Todd",Asphalt Materials Inc,43500,0,43500
"Young, Todd",Purdue University,43675,0,43675
"Young, Todd",Ice Miller LLP,45350,7000,38350
"Young, Todd",Morgan Stanley,37790,5500,32290
"Young, Todd",North American Midway Entertainment,26600,0,26600
